103176
103177
103178
103179
103181
103209
103221
103222
103223
103237
103249
103254
103256
103275
103276
103277
103296
103297
103301
103302
103303
103311
103314
103315
103316
103317
103318
103323
103324
103326
103327
103328
103329
103330
103331
103332
103333
103334
103335
103336
103337
103338
103339
103340
103341
103342
103343
103344
103345
103346
103347
103348
103349
103350
103351
103352
103353
103354
103355
103356
103357
103358
103359
103360
103361
103362
103363
103364
103366
103367
103368
103369
103370
103371
103372
103373
103374
103375
103376
103377
103378
103379
103380
103381
103382
103383
103384
103385
103386
103387
103388
103390
103391
103392
103393
103394
103395
103396
103397
103398
103399
103400
103401
103402
103403
103404
103405
103406
103407
103409
103410
103411
103412
103413
103414
103415
103416
103417
103418
103419
103420
103421
103422
103423
103424
103425
103426
103428
103429
103430
103431
103432
103433
103434
103435
103436
103437
103438
103439
103440
103441
103442
103443
103444
103445
103446
103447
103448
103449
103450
103451
103452
103453
103454
103455
103456
103457
103458
103459
103460
103461
103462
103463
103464
103465
103466
103467
103468
103469
103470
103471
103472
103473
103474
103475
103476
103477
103478
103479
103480
103481
103482
103483
103484
103485
103486
103487
103488
103489
103490
103491
103492
103493
103494
103495
103496
103497
103498
103499
103500
103501
103502
103503
103504
103505
103506
103507
103508
103509
103510
103511
103512
103513
103514
103515
103516
103517
103518
103519
103520
103521
103522
103523
103524
103525
103526
103527
103528
103529
103530
103531
103532
103533
103534
103535
103536
103537
103538
103539
103540
103541
103542
103543
103544
103545
103546
103547
103548
103549
103555
103572
103575
103587
103588
103631
103632
103638
103643
103663
103664
103690
103691
103692
103693
103698
103699
103700
103701
103702
103703
103704
103705
103706
103708
103709
103710
103711
103712
103713
103714
103715
103716
103717
103718
103719
103720
103721
103722
103723
103724
103725
103726
103727
103729
103730
103735
103740
103741
103742
103743
103744
103745
103746
103747
103748
103749
103750
103751
103752
103753
103754
103755
103756
103757
103758
103759
103760
103761
103762
103763
103764
103765
103766
103767
103768
103769
103770
103771
103772
103773
103774
103775
103776
103777
103778
103779
103781
103782
103783
103784
103785
103786
103787
103788
103789
103790
103791
103792
103793
103794
103795
103796
103809
103813
103847
103870
103871
103872
103873
103874
103886
103887
103888
103900
103919
103920
103921
103922
103923
103924
103926
103927
103928
103929
103930
103931
103932
103933
103934
103935
103936
103937
103938
103939
103940
103941
103942
103943
103944
103945
103946
103947
103948
103949
103950
103951
103952
103953
103954
103955
103956
103957
103958
103959
103960
103961
103962
103963
103964
103965
103966
103967
103968
103969
103970
103971
103972
103973
103974
103975
103976
103977
103978
103979
103980
103981
103982
103983
103984
103985
103986
103987
103988
103989
103990
103991
103992
103993
103996
103997
104003
104004
104006
104008
104009
104027
104051
104052
104064
104067
104068
104069
104070
104071
104072
104073
104074
104075
104076
104077
104078
104080
104081
104082
104083
104084
104086
104087
104088
104089
104090
104091
104092
104093
104094
104095
104096
104097
104098
104099
104100
104101
104102
104103
104104
104105
104106
104107
104115
104116
104123
104124
104125
104126
104127
104128
104129
104130
104131
104147
104148
104155
104156
104157
104158
104159
104160
104161
104162
104163
104164
104165
104166
104167
104168
104169
104170
104174
104175
104176
104179
104180
104181
104182
104183
104184
104185
104186
104187
104188
104189
104190
104191
104198
104199
104200
104211
104212
104213
104214
104215
104217
104243
104252
104253
104257
104276
104278
104284
104286
104289
104291
104292
104307
104308
104323
104324
104325
104327
104328
104329
104330
104331
104332
104333
104334
104335
104336
104337
104338
104339
104340
104341
104342
104343
104344
104345
104346
104347
104348
104349
104350
104354
104355
104356
104357
104358
104359
104360
104361
104362
104363
104364
104365
104367
104368
104369
104370
104371
104372
104373
104374
104375
104377
104378
104379
104380
104381
104382
104384
104385
104386
104387
104388
104389
104390
104391
104392
104393
104394
104395
104396
104404
104405
104406
104407
104408
104409
104410
104412
104413
104414
104415
104416
104417
104418
104419
104420
104421
104422
104423
104424
104425
104427
104428
104429
104430
104431
104432
104433
104434
104435
104436
104437
104447
104454
104455
104456
104457
104458
104459
104460
104461
104462
104463
104464
104465
104466
104467
104468
104469
104470
104471
104472
104477
104478
104479
104480
104489
104490
104507
104509
104510
104527
104528
104529
104530
104543
104544
104545
104546
104547
104552
104553
104554
104555
104556
104557
104558
104559
104562
104563
104564
104565
104566
104567
104568
104569
104570
104574
104575
104576
104577
104578
104580
104590
104591
104592
104593
104594
104611
104623
104629
104630
104631
104632
104647
104674
104679
104712
104721
104722
104723
104738
104739
104745
104746
104748
104749
104750
104867
104868
104922
104924
104925
104926
104928
104930
104932
104936
104937
104938
104940
104941
104942
104943
104959
104979
104984
104989
104990
105018
105049
105074
105080
105081
105096
105119
105143
105156
105182
105190
105191
105193
105194
105195
105196
105200
105228
105230
105244
105245
105246
105255
105310
105333
105334
105387
105391
105401
105402
105433
105442
105443
105444
105445
105595
105596
105616
105626
105655
105662
105663
105749
105807
105857
105858
105859
105860
105861
105873
105892
105893
105899
105906
105907
105914
105928
105929
105930
105931
105932
105934
105959
105960
105961
105962
105963
105973
105974
105989
106051
106146
106153
106154
106158
106159
106160
106161
106162
106168
106169
106206
106215
106220
106222
106223
106226
106239
106240
106246
106286
106287
106319
106433
106438
106455
106456
106457
106458
106479
106492
106493
106494
106495
106496
106497
106498
106499
106503
106504
106506
106507
106508
106509
106538
106539
106541
106542
106543
106545
106546
106548
106549
106550
106551
106554
106555
106556
106557
106558
106559
106560
106561
106562
106563
106564
106565
106566
106567
106568
106570
106571
106572
106606
106607
106625
106674
106675
106676
106690
106701
106750
106858
106861
106862
106863
106873
106893
106894
106895
106896
106915
106918
106919
106920
106921
106923
106924
106925
106927
106930
106931
106932
106967
107009
107010
107011
107012
107067
107068
107069
107070
107110
107138
107141
107174
107175
107176
107177
107178
107179
107187
107188
107189
107191
107192
107193
107194
107195
107196
107197
107198
107199
107200
107201
107202
107203
107208
107219
107226
107252
107255
107256
107257
107258
107259
107263
107264
107294
107295
107296
107298
107299
107300
107301
107302
107313
107339
107340
107341
107342
107346
107348
107351
107352
107370
107371
107372
107418
107420
107441
107447
107490
107506
107528
107529
107530
107617
107618
107622
107623
107624
107625
107627
107651
107653
107660
107663
107666
107668
107669
107670
107671
107672
107692
107693
107704
107717
107727
107738
107739
107740
107741
107743
107744
107755
107764
107857
107858
107859
107860
107862
107864
107871
107872
107873
107874
107875
107876
107878
107879
107880
107881
107882
107883
107897
107905
107906
107907
107908
107909
107911
107912
107913
107916
107917
107929
107941
107942
107943
107944
107956
107961
107970
107984
107986
107993
108020
108039
108040
108041
108053
108054
108055
108056
108057
108062
108088
108092
108111
108146
108147
108170
108171
108240
108241
108242
108243
108244
108245
108260
108266
108267
108268
108275
108279
108287
108301
108307
108320
108337
108339
108353
108354
108355
108356
108357
108358
108388
108430
108444
108450
108463
108465
108478
108487
108489
108511
108522
108533
108534
108548
108549
108553
108554
108576
108577
108581
108597
108598
108617
108623
108625
108626
108628
108629
108630
108631
108632
108646
108713
108714
108715
108725
108726
108728
108729
108730
108731
108732
108733
108734
108735
108738
108743
108744
108745
108746
108747
108748
108749
108750
108751
108752
108757
108758
108759
108760
108761
108767
108810
108811
108814
108815
108816
108818
108819
108838
108844
108845
108847
108848
108849
108850
108852
108853
108868
108869
108870
108871
108872
108873
108874
108875
108876
108877
108878
108891
108905
108906
108910
108913
108928
108933
108934
108935
108936
108937
108938
108939
108941
108942
108943
108944
108945
108971
108972
108973
108978
108980
108981
108985
108986
108987
108988
108989
108990
108992
108993
108994
108995
108996
108997
109002
109003
109004
109005
109006
109007
109009
109010
109011
109019
109020
109066
109080
109081
109085
109089
109095
109096
109097
109098
109099
109100
109101
109102
109125
109148
109149
109150
109151
109152
109153
109189
109190
109191
109192
109193
109194
109196
109203
109215
109217
109260
109261
109276
109280
109287
109298
109321
109330
109340
109342
109343
109344
109345
109346
109347
109348
109349
109351
109352
109353
109354
109355
109356
109357
109358
109359
109360
109361
109362
109363
109364
109365
109366
109390
109391
109403
109413
109415
109418
109477
109482
109483
109484
109485
109492
109562
109568
109586
109603
109616
109618
109631
109638
109639
109653
109670
109689
109690
109716
109729
109730
109731
109737
109745
109800
109801
109802
109819
109820
109821
109856
109867
109869
109870
109871
109911
109928
109929
109930
109931
109938
109939
109940
109941
109942
109943
109945
109946
109955
109963
109964
109979
109995
110028
110088
110089
110090
110120
110121
110124
110130
110131
110139
110147
110173
110177
110178
110182
110200
110201
110206
110208
110211
110212
110214
110219
110221
110224
110228
110229
110245
110247
110248
110249
110250
110253
110261
110264
110265
110272
110273
110275
110276
110277
110279
110286
110287
110291
110292
110313
110317
110318
110330
110331
110332
110344
110346
110349
110350
110353
110354
110355
110356
110359
110364
110371
110381
110382
110404
110413
110419
110443
110445
110446
110451
110452
110453
110458
110459
110464
110465
110466
110467
110470
110490
110491
110492
110493
110494
110495
110520
110521
110547
110578
110579
110580
110595
110596
110597
110598
110613
110615
110619
110620
110627
110628
110629
110631
110632
110633
110634
110637
110638
110639
110640
110641
110642
110643
110646
110647
110672
110686
110691
110692
110693
110694
110695
110696
110699
110732
110733
110734
110738
110786
110787
110788
110789
110810
110811
110847
110851
110857
110867
110881
110900
110953
110954
111015
111022
111023
111026
111027
111028
111029
111030
111031
111048
111076
111082
111121
111122
111123
111124
111125
111126
111127
111128
111129
111131
111136
111137
111144
111145
111227
111282
111289
111290
111305
111306
111310
111312
111314
111321
111322
111323
111324
111344
111362
111400
111428
111433
111500
111501
111516
111728
111729
111730
111732
111733
111734
111762
111789
111790
111794
111795
111796
111852
111853
111855
111858
111859
111905
111909
111931
111932
111933
111936
111937
111939
111940
111941
111942
111943
111944
111945
111947
111948
111949
111950
111951
111952
111954
111955
111964
111965
111967
111993
111995
111996
111997
111998
111999
112000
112001
112002
112004
112005
112006
112008
112010
112018
112019
112022
112023
112025
112026
112027
112029
112030
112031
112032
112033
112034
112035
112036
112038
112067
112074
112078
112079
112080
112092
112124
112125
112126
112127
112128
112129
112135
112137
112138
112139
112140
112141
112143
112144
112145
112151
112152
112153
112155
112166
112177
112205
112258
112293
112294
112295
112296
112300
112301
112302
112303
112305
112306
112308
112323
112324
112325
112353
112357
112376
112381
112443
112444
112448
112449
112450
112451
112452
112453
112454
112455
112468
112470
112471
112472
112478
112479
112480
112522
112534
112608
112609
112612
112625
112640
112641
112649
112657
112658
112667
112686
112716
112719
112732
112748
112788
112792
112793
112802
112803
112818
112823
112900
112921
112930
112932
112958
113023
113024
113050
113051
113059
113108
113136
113137
113138
113139
113140
113158
113161
113178
113179
113180
113182
113187
113199
113204
113205
113206
113221
113222
113231
113242
113254
113256
113260
113261
113262
113263
113264
113265
113266
113267
113268
113269
113270
113271
113272
113273
113286
113290
113302
113308
113311
113315
113316
113317
113330
113332
113333
113335
113337
113345
113347
113348
113353
113357
113359
113360
113361
113363
113397
113415
113416
113418
113419
113428
113434
113463
113469
113470
113472
113476
113525
113538
113555
113570
113571
113572
113573
113574
113575
113576
113585
113595
113596
113637
113639
113652
113653
113654
113655
113656
113668
113669
113671
113672
113689
113692
113693
113698
113703
113717
113718
113719
113720
113721
113722
113811
113812
113813
113814
113828
113846
113847
113848
113849
113851
113863
113864
113876
113906
113907
113917
113924
113932
113936
113945
113950
113970
113971
113976
113977
113979
113990
113993
114030
114039
114041
114042
114043
114044
114052
114056
114065
114072
114085
114087
114099
114105
114106
114107
114108
114109
114110
114111
114112
114113
114114
114115
114116
114117
114118
114119
114120
114121
114122
114123
114124
114125
114126
114127
114129
114132
114133
114136
114194
114195
114196
114232
114233
114234
114236
114244
114249
114263
114294
114295
114296
114297
114298
114299
114301
114302
114303
114304
114305
114306
114307
114308
114317
114333
114334
114335
114336
114337
114338
114339
114340
114341
114343
114344
114389
114390
114402
114411
114414
114417
114418
114419
114420
114421
114422
114423
114424
114425
114426
114433
114434
114435
114436
114439
114440
114441
114442
114443
114444
114445
114446
114447
114448
114466
114467
114468
114469
114470
114471
114472
114473
114474
114513
114524
114525
114535
114549
114550
114555
114556
114557
114558
114559
114560
114561
114562
114564
114604
114606
114607
114615
114618
114619
114620
114621
114622
114656
114657
114679
114717
114719
114720
114721
114723
114744
114745
114746
114749
114750
114753
114754
114755
114756
114757
114758
114759
114760
114761
114762
114764
114765
114811
114814
114840
114841
114842
114843
114862
114863
114888
114891
114893
114915
114919
114922
114924
114926
114942
114943
114945
114946
114948
114958
114959
114961
114963
114979
114981
114987
114989
115003
115006
115007
115011
115036
115039
115040
115045
115052
115066
115069
115082
115087
115091
115105
115107
115113
115139
115140
115141
115142
115143
115177
115178
115179
115180
115183
115186
115188
115189
115191
115195
115197
115198
115199
115200
115217
115219
115230
115238
115239
115242
115243
115244
115269
115275
115294
115295
115296
115315
115336
115338
115339
115340
115343
115344
115345
115355
115360
115401
115402
115403
115406
115435
115436
115437
115438
115439
115440
115456
115467
115468
115472
115488
115499
115511
115514
115515
115516
115518
115519
115520
115528
115566
115641
115651
115654
115656
115664
115668
115669
115715
115740
115758
115759
115763
115764
115765
115791
115793
115794
115797
115800
115801
115802
115815
115816
115818
115819
115820
115824
115825
115830
115833
115834
115835
115836
115839
115841
115842
115843
115844
115845
115846
115853
115861
115864
115872
115873
115874
115875
115876
115877
115879
115892
115895
115900
115901
115902
115903
115904
115905
115907
115908
115914
115916
115918
115925
115931
115986
115997
115998
116005
116006
116008
116010
116015
116016
116032
116033
116039
116044
116045
116046
116048
116050
116053
116054
116055
116058
116059
116060
116069
116073
116137
116138
116147
116150
116155
116160
116162
116164
116173
116182
116195
116196
116210
116222
116224
116225
116226
116232
116233
116234
116235
116236
116237
116242
116246
116248
116249
116250
116258
116259
116267
116272
116287
116320
116323
116324
116325
116327
116328
116329
116330
116332
116338
116354
116384
116408
116409
116415
116566
116567
116575
116581
116583
116584
116585
116586
116588
116589
116605
116610
116620
116622
116673
116674
116676
116700
116702
116703
116704
116705
116706
116707
116708
116709
116710
116711
116712
116713
116714
116740
116741
116742
116748
116752
116756
116780
116781
116782
116784
116785
116786
116787
116788
116789
116790
116791
116793
116801
116805
116848
116855
116861
116867
116899
116900
116902
116903
116904
116905
116906
116907
116908
116909
116910
116911
116912
116913
116914
116915
116922
116923
116944
116962
116964
116965
116966
116968
116970
116972
116978
116979
116982
116995
116996
116997
116998
116999
117000
117001
117002
117008
117009
117012
117013
117014
117019
117034
117067
117074
117076
117085
117086
117096
117150
117163
117168
117193
117196
117197
117222
117223
117224
117225
117226
117228
117246
117254
117280
117284
117285
117286
117287
117325
117343
117395
117396
117398
117403
117407
117408
117409
117411
117448
117476
117496
117532
117533
117556
117557
117560
117561
117562
117563
117564
117565
117566
117567
117568
117569
117570
117572
117573
117574
117582
117612
117696
117755
117756
117757
117758
117763
117764
117765
117791
117792
117793
117794
117798
117799
117800
117801
117804
117805
117806
117807
117876
117913
117928
117929
117930
117933
117957
117960
117961
117963
117968
117969
117973
117974
117982
117989
117990
118030
118031
118032
118033
118034
118035
118036
118037
118039
118040
118041
118042
118043
118044
118045
118046
118047
118048
118049
118050
118051
118052
118053
118054
118055
118056
118058
118059
118060
118075
118077
118078
118079
118080
118081
118082
118103
118109
118110
118112
118113
118118
118119
118123
118124
118125
118126
118127
118128
118129
118130
118131
118132
118133
118134
118135
118136
118168
118199
118200
118201
118202
118203
118231
118245
118375
118376
118390
118399
118419
118448
118528
118566
118567
118568
118569
118581
118609
118620
118630
118637
118638
118639
118640
118641
118675
118727
118743
118856
118857
118858
118936
118971
119042
119056
119080
119085
119086
119109
119113
119123
119134
119258
119319
119321
119322
119324
119342
119344
119345
119346
119347
119354
119355
119368
119399
119400
119401
119402
119403
119404
119421
119422
119423
119424
119453
119454
119455
119456
119458
119459
119529
119530
119531
119532
119533
119534
119535
119536
119537
119538
119539
119540
119541
119542
119548
119591
119592
119593
119661
119662
119665
119675
119683
119688
119696
119740
119741
119742
119764
119765
119768
119770
119771
119772
119774
119777
119779
119781
119784
119787
119788
119790
119793
119794
119795
119806
119807
119808
119809
119811
119812
119813
119815
119817
119819
119820
119822
119823
119824
119825
119827
119828
119835
119836
119837
119838
119845
119846
119872
119873
119884
119919
119920
119921
119922
119923
119924
119925
119926
119927
119928
119929
119938
119939
119940
119941
119942
119943
119944
119945
119946
119947
119949
119956
119958
119959
119960
119964
119975
119978
119992
119998
120046
120053
120055
120071
120074
120079
120120
120122
120123
120124
120125
120126
120131
120132
120134
120135
120137
120146
120147
120150
120159
120160
120167
120180
120185
120193
120194
120203
120205
120207
120208
120209
120211
120213
120218
120220
120226
120227
120230
120231
120257
120259
120262
120263
120264
120265
120266
120268
120270
120272
120300
120301
120314
120315
120317
120320
120321
120323
120324
120325
120326
120339
120340
120343
120345
120376
120377
120378
120404
120405
120406
120419
120485
120486
120492
120497
120509
120510
120513
120515
120516
120517
120518
120519
120520
120521
120522
120534
120591
120592
120607
120608
120609
120610
120646
120687
120697
120700
120709
120733
120755
120756
120757
120758
120759
120770
120771
120772
120773
120774
120810
120815
120831
120851
120859
120871
120872
120873
120892
120896
120904
120905
120981
120983
120998
121011
121024
121026
121034
121035
121036
121037
121038
121039
121040
121041
121042
121043
121044
121045
121046
121047
121048
121049
121050
121051
121052
121057
121061
121062
121063
121064
121069
121071
121072
121074
121075
121077
121080
121081
121082
121083
121084
121085
121114
121115
121119
121176
121177
121178
121179
121180
121181
121182
121183
121186
121190
121197
121198
121199
121200
121201
121202
121215
121216
121218
121221
121223
121224
121225
121231
121232
121233
121234
121235
121236
121237
121247
121293
121295
121296
121297
121299
121300
121301
121384
121388
121392
121430
121431
121432
121433
121467
121475
121477
121478
121479
121500
121514
121527
121528
121531
121536
121567
121592
121593
121651
121652
121653
121654
121655
121656
121657
121658
121659
121660
121661
121662
121663
121664
121665
121667
121672
121675
121676
121677
121678
121679
121681
121684
121687
121689
121690
121707
121714
121717
121718
121720
121750
121754
121755
121757
121780
121796
121799
121802
121822
121823
121825
121826
121828
121829
121830
121832
121833
121835
121837
121838
121840
121856
121859
121860
121861
121867
121880
121881
121882
121885
121888
121891
121927
121931
121933
121935
121956
121960
121961
121962
121963
121964
121965
121966
121967
121968
121969
121975
121989
121994
121998
122029
122030
122034
122037
122039
122041
122043
122044
122052
122062
122137
122148
122173
122183
122184
122187
122194
122205
122206
122207
122208
122238
122241
122247
122248
122249
122292
122322
122331
122348
122349
122434
122441
122497
122508
122509
122510
122511
122512
122513
122514
122516
122517
122518
122519
122520
122521
122522
122523
122524
122525
122526
122527
122529
122530
122531
122532
122533
122534
122535
122536
122562
122571
122572
122575
122585
122630
122631
122632
122639
122652
122654
122670
122671
122672
122675
122678
122687
122688
122689
122690
122691
122694
122695
122735
122736
122738
122742
122750
122755
122758
122761
122763
122807
122808
122839
122875
122922
122979
122980
122983
122984
123011
123027
123028
123056
123074
123077
123078
123079
123113
123115
123116
123119
123120
123139
123144
123146
123147
123148
123155
123198
123284
123330
123347
123348
123349
123375
123379
123382
123394
123406
123407
123408
123417
123434
123436
123437
123438
123447
123464
123474
123476
123490
123494
123612
123638
123645
123746
123752
123769
123778
123779
123785
123802
123803
123841
123885
123886
123899
123901
123903
123948
123952
123994
123996
123997
124014
124027
124028
124032
124055
124060
124080
124082
124114
124115
124116
124117
124118
124131
124132
124136
124138
124140
124153
124194
124195
124196
124204
124223
124230
124243
124337
124338
124339
124340
124341
124342
124343
124344
124345
124393
124394
124395
124397
124410
124430
124434
124435
124437
124438
124439
124449
124466
124472
124473
124494
124555
124561
124612
124635
124641
124662
124668
124675
124698
124703
124756
124786
124833
124845
124858
124874
124896
124960
124963
124965
125034
125035
125038
125124
125153
125154
125155
125157
125202
125203
125204
125205
125206
125207
125208
125261
125262
125263
125264
125266
125268
125271
125274
125293
125308
125321
125322
125330
125331
125351
125355
125367
125368
125369
125426
125428
125440
125446
125447
125491
125513
125514
125517
125573
125575
125576
125600
125601
125640
125642
125647
125682
125783
125785
125790
125796
125818
125819
125838
125839
125841
125867
125868
125869
125870
125887
125909
125910
125915
125920
125931
126016
126047
126070
126071
126096
126111
126165
126166
126167
126168
126169
126170
126171
126172
126173
126174
126175
126176
126177
126178
126179
126186
126192
126201
126202
126203
126204
126205
126213
126256
126258
126259
126263
126269
126270
126271
126275
126287
126288
126289
126294
126315
126316
126318
126319
126320
126321
126322
126347
126350
126354
126356
126357
126360
126363
126364
126365
126366
126367
126368
126369
126370
126389
126390
126391
126392
126393
126394
126395
126397
126400
126402
126403
126425
126432
126433
126434
126437
126438
126439
126440
126465
126506
126529
126546
126605
126606
126607
126610
126611
126612
126619
126620
126623
126639
126640
126641
126642
126643
126645
126646
126647
126648
126649
126650
126651
126652
126656
126657
126658
126659
126660
126661
126662
126663
126664
126665
126667
126668
126669
126670
126676
126678
126706
126756
126757
126758
126759
126760
126761
126762
126783
126790
126791
126793
126819
126830
126831
126832
126833
126835
126843
126844
126846
126863
126865
126870
126871
126872
126873
126874
126875
126876
126877
126878
126879
126880
126881
126882
126883
126884
126885
126886
126887
126888
126889
126890
126891
126892
126896
126897
126898
126905
126907
126908
126909
126910
126911
126912
126914
126940
127040
127041
127042
127044
127045
127050
127099
127105
127114
127115
127149
127162
127163
127164
127180
127213
127225
127227
127230
127244
127245
127248
127253
127271
127305
127306
127331
127355
127356
127358
127359
127363
127366
127368
127371
127399
127400
127401
127402
127403
127412
127465
127504
127506
127507
127508
127510
127536
127546
127549
127550
127595
127619
127686
127688
127689
127690
127691
127692
127716
127720
127721
127796
127797
127798
127799
127800
127863
127887
127888
127889
127890
127891
127908
127911
127912
127957
127958
127971
127976
127977
127978
127979
127980
127981
127982
127984
127986
127987
127988
127990
127991
127996
128019
128020
128021
128023
128034
128059
128060
128207
128215
128223
128306
128344
128367
128369
128370
128371
128372
128390
128392
128394
128397
128398
128399
128400
128417
128418
128419
128526
128527
128535
128539
128540
128541
128545
128546
128547
128563
128643
128672
128675
128703
128705
128711
128712
128713
128715
128737
128738
128739
128740
128752
128757
128827
128828
128859
128862
128872
128890
128893
128950
128951
128977
128979
129001
129007
129037
129045
129046
129047
129048
129050
129066
129068
129123
129134
129157
129158
129159
129165
129166
129167
129168
129175
129177
129178
129188
129190
129191
129192
129193
129195
129196
129201
129202
129203
129208
129211
129212
129214
129215
129216
129217
129219
129220
129221
129222
129223
129227
129228
129229
129230
129236
129237
129238
129239
129243
129244
129245
129246
129250
129251
129253
129255
129258
129259
129260
129261
129263
129264
129265
129267
129271
129272
129273
129274
129276
129277
129278
129290
129292
129293
129295
129296
129297
129299
129300
129301
129302
129317
129320
129328
129330
129342
129347
129348
129349
129350
129351
129354
129356
129357
129358
129359
129360
129361
129362
129363
129364
129365
129379
129381
129382
129383
129386
129400
129460
129461
129462
129463
129464
129465
129466
129472
129473
129474
129475
129476
129478
129479
129480
129481
129489
129490
129491
129492
129493
129494
129495
129503
129540
129544
129545
129546
129547
129548
129549
129550
129551
129554
129556
129561
129565
129568
129571
129584
129586
129587
129588
129589
129590
129591
129592
129593
129594
129595
129596
129597
129598
129599
129600
129608
129610
129627
129628
129631
129633
129634
129635
129649
129652
129653
129654
129655
129656
129657
129658
129659
129661
129664
129671
129676
129677
129679
129682
129684
129686
129688
129689
129690
129692
129693
129706
129729
129730
129731
129732
129733
129735
129741
129759
129770
129771
129789
129814
129815
129816
129817
129818
129819
129832
129837
129838
129839
129840
129844
129845
129866
129867
129868
129869
129871
129872
129873
129874
129896
129898
129933
129946
129963
129971
130003
130033
130040
130046
130050
130052
130053
130104
130126
130156
130166
130183
130188
130190
130211
130212
130225
130226
130244
130246
130247
130248
130249
130251
130252
130253
130254
130255
130257
130283
130296
130298
130303
130305
130307
130318
130319
130323
130354
130362
130366
130369
130370
130374
130379
130389
130392
130402
130439
130442
130445
130447
130448
130473
130512
130513
130514
130515
130516
130527
130529
130530
130549
130550
130552
130558
130560
130561
130568
130584
130586
130588
130590
130591
130592
130609
130619
130622
130673
130674
130675
130696
130705
130706
130707
130713
130714
130741
130742
130743
130745
130759
130761
130762
130776
130777
130780
130781
130787
130841
130846
130866
130873
130911
130912
130930
130939
130941
130954
130962
130974
130979
130997
131005
131008
131009
131010
131011
131014
131015
131017
131019
131043
131044
131045
131047
131053
131073
131078
131083
131096
131118
131142
131149
131150
131181
131182
131221
131222
131223
131239
131251
131264
131325
131329
131360
131367
131382
131413
131414
131458
131459
131475
131476
131477
131485
131486
131516
131517
131518
131519
131520
131548
131563
131564
131565
131566
131567
131568
131569
131570
131571
131572
131573
131574
131584
131586
131589
131590
131591
131592
131593
131594
131595
131597
131598
131599
131604
131641
131642
131646
131647
131648
131649
131650
131660
131664
131666
131668
131675
131680
131681
131701
131702
131708
131721
131722
131725
131726
131727
131728
131729
131730
131731
131732
131741
131753
131754
131755
131762
131763
131764
131765
131766
131770
131773
131776
131777
131778
131779
131781
131783
131791
131851
131852
131853
131854
131855
131857
131859
131860
131863
131866
131867
131878
131880
131881
131883
131884
131886
131890
131892
131912
131923
131925
131926
131927
131929
131930
131942
131944
131953
131954
131955
131957
131964
131967
131969
131970
131971
131973
131974
131975
131976
131991
131992
131994
131999
132000
132010
132013
132014
132016
132034
132038
132052
132055
132061
132071
132096
132126
132166
132171
132192
132193
132232
132234
132238
132268
132283
132300
132305
132312
132317
132318
132319
132320
132321
132324
132325
132340
132343
132345
132346
132347
132348
132350
132351
132381
132405
132417
132418
132420
132424
132444
132452
132455
132456
132459
132460
132461
132466
132467
132468
132469
132470
132471
132472
132473
132474
132477
132479
132511
132512
132513
132515
132516
132517
132523
132525
132526
132527
132528
132530
132532
132545
132560
132562
132569
132615
132634
132655
132658
132679
132692
132694
132695
132696
132697
132698
132703
132776
132804
132806
132816
132821
132849
132855
132893
132903
132904
132938
133007
133078
133103
133124
133132
133136
133138
133141
133146
133175
133289
133340
133353
133391
133397
133410
133411
133412
133413
133425
133442
133463
133469
133507
133510
133514
133521
133610
133661
133728
133730
133731
133739
133772
133774
133786
133787
133798
133844
133845
133849
133862
133864
133866
133868
133869
133891
133892
133898
133904
133912
133965
134045
134047
134060
134070
134081
134088
134089
134090
134095
134097
134099
134101
134102
134107
134120
134131
134168
134222
134226
134252
134283
134286
134289
134413
134462
134473
134623
134710
134732
134761
134786
134840
134856
134861
135102
135108
135136
135171
135177
135178
135255
135278
135381
135384
135429
135432
135443
135460
135462
135511
135515
135535
135536
135538
135539
135560
135562
135571
135572
135576
135580
135585
135587
135589
135605
135626
135643
135645
135660
135722
135776
135778
135801
135806
135836
135864
135865
135866
135889
135909
135923
135939
136019
136027
136044
136064
136080
136110
136118
136119
136128
136135
136137
136138
136139
136140
136141
136142
136143
136144
136145
136146
136149
136150
136163
136164
136165
136168
136169
136192
136205
136206
136221
136222
136226
136227
136228
136248
136263
136264
136265
136266
136292
136297
136302
136303
136307
136309
136310
136321
136322
136344
136360
136381
136397
136400
136428
136430
136435
136436
136450
136451
136452
136461
136462
136474
136484
136490
136492
136496
136512
136517
136531
136532
136538
136546
136569
136582
136614
136616
136619
136635
136637
136638
136639
136641
136642
136645
136646
136647
136649
136650
136657
136663
136664
136665
136667
136668
136677
136678
136695
136706
136707
136716
136758
136778
136779
136783
136795
136804
136829
136854
136855
136862
136866
136880
136934
136946
136947
136950
136976
136979
136981
137039
137040
137041
137063
137075
137097
137102
137106
137126
137138
137144
137180
137182
137227
137247
137265
137270
137275
137281
137296
137308
137309
137310
137312
137319
137333
137337
137339
137341
137378
137505
137535
137537
137602
137612
137613
137616
137621
137633
137639
137641
137642
137643
137647
137649
137652
137653
137655
137660
137661
137662
137663
137664
137665
137666
137667
137668
137669
137670
137671
137672
137673
137674
137675
137676
137677
137678
137679
137680
137681
137682
137683
137684
137685
137686
137687
137696
137697
137698
137699
137700
137704
137705
137706
137708
137709
137710
137711
137712
137715
137716
137718
137725
137726
137728
137729
137730
137734
137735
137736
137738
137739
137740
137741
137742
137743
137745
137746
137747
137757
137758
137760
137761
137800
137801
137802
137803
137804
137806
137819
137822
137850
137877
137885
137890
137891
137892
137893
137894
137895
137898
137908
137909
137916
137939
137978
137983
138047
138056
138060
138064
138065
138103
138106
138109
138119
138120
138161
138182
138257
138260
138261
138262
138271
138305
138345
138351
138379
138383
138401
138402
138412
138414
138416
138424
138425
138441
138446
138450
138452
138459
138473
138474
138481
138511
138521
138522
138530
138550
138554
138560
138561
138563
138565
138571
138600
138605
138609
138611
138612
138673
138675
138676
138679
138683
138685
138687
138699
138700
138714
138716
138717
138723
138727
138728
138729
138769
138778
138779
138780
138788
138803
138804
138864
138868
138869
138871
138874
138880
138882
138891
138899
138908
138912
138916
138919
138920
138922
138938
138944
138945
138946
138949
138952
138953
138956
138959
138961
138963
138966
138969
138971
138976
138982
138983
138985
138988
138990
138992
138993
138994
138995
139001
139002
139003
139005
139006
139012
139015
139016
139018
139020
139021
139024
139025
139026
139029
139033
139035
139037
139038
139039
139040
139043
139044
139048
139049
139051
139054
139055
139058
139062
139064
139067
139069
139071
139074
139077
139079
139082
139092
139093
139094
139095
139096
139097
139098
139100
139101
139103
139105
139106
139109
139120
139132
139133
139139
139140
139170
139172
139175
139179
139182
139186
139190
139192
139212
139213
139218
139228
139229
139232
139248
139263
139265
139266
139269
139272
139273
139274
139276
139282
139283
139284
139285
139288
139290
139291
139292
139295
139297
139300
139303
139310
139311
139320
139321
139325
139326
139342
139348
139351
139353
139354
139359
139363
139365
139369
139376
139386
139397
139408
139409
139434
139435
139436
139449
139451
139466
139479
139498
139507
139510
139511
139518
139527
139535
139563
139564
139586
139587
139588
139589
139592
139606
139622
139630
139643
139648
139649
139669
139675
139677
139678
139679
139682
139694
139695
139726
139727
139728
139729
139736
139748
139750
139751
139752
139754
139755
139756
139771
139772
139775
139779
139789
139803
139804
139806
139809
139811
139813
139820
139821
139825
139842
139843
139862
139880
139884
139901
139902
139905
139932
139939
139983
139986
140002
140005
140008
140009
140012
140019
140020
140022
140024
140026
140027
140028
140029
140033
140034
140035
140036
140038
140076
140077
140078
140079
140081
140082
140085
140097
140099
140101
140103
140107
140111
140113
140114
140140
140142
140143
140160
140162
140163
140168
140173
140175
140180
140181
140182
140183
140184
140185
140187
140202
140212
140213
140214
140216
140217
140218
140219
140223
140224
140226
140227
140228
140229
140230
140231
140232
140233
140234
140235
140237
140238
140239
140240
140252
140278
140291
140307
140315
140317
140337
140340
140342
140343
140344
140345
140347
140348
140349
140350
140351
140352
140353
140354
140355
140356
140357
140358
140359
140360
140361
140362
140363
140364
140365
140366
140367
140368
140369
140370
140371
140372
140373
140374
140375
140377
140378
140379
140381
140382
140383
140384
140385
140386
140387
140388
140390
140391
140393
140439
140457
140474
140499
140501
140502
140575
140580
140581
140582
140583
140584
140585
140586
140587
140588
140589
140590
140591
140592
140593
140594
140595
140596
140597
140598
140599
140600
140601
140602
140603
140604
140613
140614
140615
140616
140617
140618
140619
140620
140621
140622
140623
140624
140625
140626
140627
140628
140629
140630
140631
140632
140633
140634
140635
140642
140643
140644
140645
140660
140665
140687
140689
140700
140701
140721
140722
140723
140724
140725
140726
140727
140728
140729
140730
140731
140732
140733
140734
140735
140736
140737
140750
140753
140754
140765
140787
140830
140842
140846
140847
140848
140849
140850
140851
140852
140853
140864
140865
140866
140867
140868
140870
140871
140872
140874
140875
140876
140878
140879
140880
140881
140882
140914
140915
140950
140955
140960
140999
141014
141055
141056
141057
141062
141063
141073
141080
141132
141150
141161
141166
141167
141182
141208
141212
141249
141251
141266
141309
141310
141311
141312
141324
141325
141326
141328
141329
141350
141351
141352
141391
141400
141528
141534
141763
141774
141775
141779
141785
141802
141821
141852
141855
141856
141857
141858
141860
141861
141862
141863
141864
141865
141866
141867
141868
141869
141870
141871
141872
141873
141874
141876
141877
141878
141879
141880
141881
141882
141883
141884
141885
141886
141887
141890
141892
141893
141895
141896
141897
141898
141899
141900
141901
141902
141904
141907
141911
141913
141914
141917
141918
141920
141921
141922
141923
141924
141925
141926
141927
141931
141932
141933
141949
141950
141953
141959
141984
142009
142011
142013
142015
142016
142017
142018
142019
142020
142033
142039
142044
142048
142049
142051
142052
142074
142080
142095
142172
142173
142178
142193
142216
142217
142218
142219
142260
142261
142262
142274
142278
142298
142329
142343
142411
142455
142458
142480
142481
142494
142517
142541
142549
142553
142567
142598
142599
142629
142666
142684
142701
142716
142729
142730
142731
142769
142770
142794
142806
142808
142826
142838
142842
142849
142853
142876
142877
142914
142962
142963
142964
142967
142984
142985
143012
143064
143080
143082
143085
143086
143103
143133
143145
143150
143153
143154
143156
143157
143200
143201
143202
143203
143270
143271
143277
143287
143288
143289
143290
143291
143292
143293
143294
143295
143296
143302
143303
143304
143305
143306
143307
143309
143312
143313
143315
143317
143319
143322
143327
143337
143338
143380
143382
143383
143384
143385
143386
143387
143388
143389
143390
143391
143393
143394
143405
143413
143415
143416
143417
143455
143456
143477
143483
143485
143491
143492
143508
143540
143542
143543
143548
143549
143551
143552
143553
143560
143572
143577
143598
143612
143620
143621
143636
143643
143649
143653
143663
143708
143711
143713
143714
143716
143742
143748
143750
143755
143757
143759
143766
143846
143861
143863
143866
143892
143917
144092
144144
144176
144188
144189
144190
144251
144292
144323
144336
144449
144450
144451
144509
144533
144553
144676
144677
144687
144770
144779
144803
144811
144822
144827
144848
144852
144853
144858
144916
144932
144990
144991
144992
144993
145000
145001
145012
145059
145063
145064
145139
145140
145209
145210
145260
145273
145274
145275
145276
145277
145278
145279
145280
145281
145282
145283
145284
145285
145286
145287
145288
145289
145291
145315
145316
145317
145318
145319
145320
145321
145322
145323
145324
145353
145354
145356
145357
145358
145371
145372
145373
145374
145375
145376
145388
145405
145406
145407
145408
145409
145410
145432
145433
145434
145436
145437
145439
145440
145442
145444
145445
145468
145475
145477
145478
145479
145480
145481
145492
145494
145503
145508
145545
145547
145553
145554
145555
145556
145557
145560
145563
145564
145604
145608
145611
145637
145638
145639
145640
145650
145654
145665
145680
145704
145705
145707
145708
145709
145728
145739
145740
145743
145745
145746
145747
145748
145749
145750
145751
145752
145753
145754
145755
145756
145759
145760
145761
145762
145763
145764
145765
145766
145767
145768
145769
145770
145771
145772
145773
145774
145775
145776
145777
145778
145779
145780
145781
145782
145783
145784
145795
145796
145797
145798
145799
145800
145813
145814
145815
145823
145824
145829
145830
145834
145837
145840
145841
145842
145847
145848
145849
145850
145852
145853
145855
145857
145858
145865
145871
145879
145880
145893
145894
145895
145896
145897
145898
145899
145900
145901
145902
145903
145904
145905
145906
145907
145908
145909
145911
145912
145913
145916
145919
145925
145958
145959
145968
145985
145994
146004
146065
146066
146119
146131
146140
146171
146206
146208
146210
146233
146234
146310
146315
146316
146321
146323
146336
146346
146347
146348
146397
146409
146415
146438
146441
146442
146443
146471
146472
146473
146475
146485
146488
146489
146493
146497
146501
146503
146512
146541
146543
146552
146553
146554
146565
146566
146582
146583
146608
146609
146625
146631
146632
146637
146638
146646
146648
146650
146655
146664
146668
146669
146676
146678
146722
146729
146730
146743
146750
146836
146850
146859
146865
146866
146867
146885
146886
146887
146914
146921
146922
146923
146934
146953
146954
146962
146975
146984
147012
147013
147014
147103
147105
147133
147188
147189
147190
147212
147216
147226
147335
147337
147338
147341
147369
147431
147432
147462
147463
147464
147465
147466
147495
147511
147571
147642
147697
147698
147700
147725
147728
147729
147763
147764
147765
147777
147810
147811
147812
147813
147814
147815
147850
147854
147855
147857
147864
147885
147886
147887
147928
147930
147933
147934
147935
147936
147940
147941
147948
147949
147954
147956
147957
147958
147959
147977
147989
147993
147994
147996
147998
147999
148000
148001
148002
148003
148004
148005
148006
148018
148033
148035
148036
148040
148041
148042
148048
148068
148069
148070
148071
148072
148073
148074
148075
148076
148077
148078
148080
148098
148103
148104
148109
148116
148125
148126
148127
148149
148150
148151
148179
148182
148183
148184
148186
148226
148243
148244
148245
148246
148253
148257
148258
148264
148266
148279
148280
148284
148288
148289
148291
148293
148295
148302
148303
148316
148334
148351
148352
148363
148365
148370
148371
148374
148375
148376
148377
148378
148379
148391
148395
148401
148402
148403
148404
148406
148407
148408
148409
148410
148411
148412
148434
148465
148468
148469
148470
148471
148472
148474
148475
148476
148477
148485
148492
148506
148515
148517
148523
148525
148528
148536
148567
148569
148570
148571
148574
148575
148576
148584
148589
148590
148591
148604
148605
148607
148608
148609
148610
148612
148622
148623
148629
148638
148640
148642
148643
148660
148661
148664
148666
148667
148680
148686
148692
148704
148745
148758
148771
148813
148816
148818
148819
148820
148821
148822
148823
148824
148825
148826
148827
148828
148829
148830
148831
148832
148833
148834
148835
148836
148862
148882
148896
148899
148901
148903
148923
148932
148933
148960
148962
148965
148969
148970
148972
148973
148974
148975
148976
148977
148978
148979
149025
149028
149036
149037
149038
149039
149040
149055
149071
149073
149074
149084
149085
149086
149087
149088
149090
149095
149097
149098
149099
149100
149101
149102
149117
149118
149119
149121
149326
149345
149346
149454
149498
149701
149703
149799
149810
149847
149848
149871
149874
149883
149915
149923
149939
149974
150003
150004
150005
150006
150007
150008
150009
150075
150077
150078
150079
150080
150084
150085
150088
150103
150114
150117
150151
150152
150188
150201
150202
150294
150295
150429
150430
150466
150491
150502
150504
150505
150506
150512
150541
150542
150544
150545
150546
150548
150575
150580
150582
150583
150584
150585
150586
150587
150597
150609
150610
150622
150623
150653
150654
150667
150672
150673
150695
150697
150700
150742
150846
150848
150909
150910
150919
150930
150947
150950
150957
150963
150970
150972
150973
151008
151017
151040
151053
151063
151067
151077
151078
151081
151083
151085
151086
151088
151089
151091
151117
151126
151128
151144
151189
151196
151252
151280
151281
151300
151313
151327
151379
151380
151384
151499
151511
151513
151514
151598
151606
151627
151634
151635
151636
151638
151639
151640
151643
151644
151645
151646
151647
151659
151660
151661
151679
151685
151691
151743
151763
151765
151778
151779
151780
151799
151801
151803
151806
151807
151847
151884
151896
151898
151970
151985
151987
152001
152005
152072
152122
152132
152133
152134
152135
152137
152180
152181
152182
152184
152207
152211
152212
152213
152220
152302
152308
152309
152434
152472
152486
152487
152488
152523
152603
152633
152636
152677
152681
152682
152765
152802
152804
152889
152962
153146
153152
153200
153278
153286
153287
153288
153320
153322
153332
153339
153344
153348
153360
153395
153406
153412
153418
153424
153431
153451
153452
153453
153454
153455
153458
153461
153462
153464
153465
153466
153467
153471
153472
153473
153474
153476
153478
153479
153480
153482
153483
153484
153486
153488
153491
153492
153493
153494
153495
153496
153497
153498
153499
153507
153518
153521
153554
153629
153638
153656
153657
153658
153676
153687
153734
153765
153769
153770
153771
153772
153773
153774
153775
153777
153791
153800
153818
153821
153840
153841
153843
153845
153906
153930
153931
153959
153964
153966
153969
153970
153971
153972
153973
153982
153986
154001
154006
154020
154037
154038
154039
154040
154041
154042
154064
154068
154075
154081
154099
154100
154116
154117
154118
154119
154121
154122
154125
154146
154147
154150
154156
154163
154164
154167
154169
154173
154174
154175
154176
154178
154195
154196
154197
154198
154200
154214
154246
154247
154248
154341
154364
154384
154385
154386
154391
154392
154412
154418
154454
154459
154468
154473
154525
154532
154539
154540
154541
154545
154552
154587
154591
154643
154672
154673
154678
154688
154692
154745
154765
154768
154785
154789
154828
154834
154876
154895
154924
154937
154953
154955
154956
154961
154963
154965
154966
154967
154968
154969
154974
154976
154978
154979
154982
154983
154999
155003
155005
155010
155011
155014
155015
155017
155068
155070
155089
155092
155093
155158
155168
155171
155179
155193
155195
155196
155199
155200
155201
155202
155206
155207
155209
155211
155220
155221
155222
155223
155227
155244
155247
155249
155252
155253
155254
155276
155291
155302
155303
155304
155306
155307
155308
155309
155310
155311
155312
155313
155314
155315
155316
155319
155320
155321
155322
155323
155324
155325
155326
155327
155328
155329
155330
155331
155332
155333
155334
155345
155346
155348
155389
155391
155399
155418
155419
155496
155502
155525
155526
155527
155625
155626
155631
155634
155645
155657
155692
155723
155730
155735
155736
155737
155738
155739
155767
155773
155775
155783
155838
155839
155841
155842
155843
155884
155890
155897
155902
155907
155908
155909
155910
155911
155912
155913
155918
155925
155963
155971
155982
155997
156001
156008
156009
156023
156024
156039
156040
156053
156059
156061
156062
156063
156065
156067
156075
156077
156078
156079
156080
156081
156082
156083
156084
156085
156086
156087
156088
156089
156090
156091
156092
156093
156094
156095
156096
156097
156098
156099
156100
156101
156102
156103
156104
156105
156106
156107
156108
156109
156110
156111
156112
156113
156131
156149
156150
156153
156184
156189
156395
156415
156480
156571
156623
156631
156632
156727
156750
156759
156809
156822
156841
156854
156865
156891
156896
156905
156907
156909
157058
157062
157071
157074
157127
157171
157172
157173
157175
157176
157177
157181
157196
157198
157244
157287
157294
157295
157304
157330
157331
157347
157349
157371
157397
157399
157417
157418
157419
157425
157553
157591
157638
157648
157650
157653
157654
157692
157693
157764
157765
157800
157801
157883
157957
157960
157965
158028
158036
158166
158218
158222
158230
158287
158417
158480
158530
158539
158540
158541
158542
158559
158561
158562
158563
158564
158565
158566
158567
158568
158569
158570
158571
158595
158611
158615
158619
158620
158621
158622
158623
158624
158625
158627
158631
158639
158640
158641
158642
158643
158644
158669
158671
158676
158699
158700
158701
158702
158704
158709
158791
158829
158830
158869
158870
158871
158895
158896
158898
158908
158914
158923
158925
158926
158927
158928
158931
158983
158987
158988
158990
158991
158997
159039
159042
159052
159074
159107
159109
159110
159309
159322
159406
159416
159417
159429
159452
159453
159454
159455
159483
159490
159494
159497
159559
159560
159569
159581
159582
159599
159680
159681
159687
159690
159708
159726
159727
159728
159730
159731
159751
159807
159808
159831
159839
159869
159886
159926
159981
160054
160088
160089
160090
160147
160173
160181
160188
160189
160196
160205
160236
160275
160382
160389
160436
160442
160447
160448
160488
160514
160515
160547
160589
160728
160789
160803
160829
160830
160831
160836
160850
160856
160865
160884
160900
160902
160962
160963
160966
160982
161363
161364
161410
161440
161441
161442
161445
161468
161474
161476
161505
161581
161632
161645
161647
161802
161913
161923
161927
161958
161964
161981
161992
162002
162144
162146
162147
162209
162271
162284
162285
162291
162312
162314
162526
162529
162547
162561
162613
162669
162670
162682
162690
162691
162692
162693
162694
162716
162717
162720
162722
162725
162726
162744
162745
162746
162778
162780
162785
162796
162800
162802
162803
162804
162840
162842
162881
162882
162889
162890
162893
162896
162904
162921
162960
162981
162982
162983
162984
162985
162987
162989
162993
163024
163072
163076
163077
163078
163079
163132
163133
163134
163135
163136
163137
163138
163139
163140
163141
163142
163143
163144
163146
163147
163151
163203
163204
163205
163256
163257
163258
163259
163263
163270
163274
163275
163292
163326
163327
163328
163329
163339
163363
163364
163417
163446
163542
163544
163571
163619
163621
163623
163694
163696
163697
163753
163783
163784
163785
163786
163787
163788
163789
163790
163791
163792
163793
163794
163795
163797
163803
163818
163821
163822
163823
163825
163828
163829
163831
163832
163943
163991
164117
164172
164192
164193
164194
164197
164204
164205
164212
164226
164241
164244
164293
164299
164312
164314
164353
164440
164441
164538
164551
164675
164702
164875
165056
165066
165070
165159
165171
165253
165254
165285
165314
165356
165426
165445
165523
165524
165525
165526
165530
165557
165559
165598
165607
165645
165647
165670
165679
165680
165681
165682
165749
165790
165810
165811
165831
165855
165866
165867
165890
165929
165931
165933
165977
165978
165983
165984
166035
166036
166037
166038
166039
166040
166041
166043
166044
166045
166046
166047
166048
166049
166050
166051
166052
166053
166054
166055
166056
166058
166059
166060
166062
166093
166104
166110
166111
166125
166132
166213
166214
166215
166216
166217
166218
166219
166220
166221
166223
166240
166249
166251
166284
166323
166324
166325
166327
166369
166371
166372
166373
166381
166404
166409
166410
166411
166412
166413
166414
166415
166416
166417
166418
166419
166420
166421
166422
166437
166438
166439
166440
166441
166442
166443
166444
166445
166446
166447
166448
166449
166450
166451
166452
166453
166454
166455
166456
166457
166475
166476
166477
166492
166510
166511
166521
166522
166523
166527
166531
166532
166588
166610
166611
166613
166614
166617
166686
166699
166700
166703
166710
166715
166794
166828
166829
166873
166896
166910
166973
166974
166975
166976
166977
166988
166989
167087
167140
167141
167142
167143
167144
167145
167146
167147
167151
167152
167247
167336
167404
167418
167419
167420
167470
167486
167644
167646
167647
167742
167743
167820
167927
167928
167984
167990
167991
167992
168001
168013
168081
168082
168083
168084
168085
168087
168090
168092
168095
168096
168097
168098
168100
168101
168102
168104
168105
168116
168131
168132
168133
168134
168135
168138
168139
168163
168164
168177
168178
168179
168194
168195
168210
168240
168243
168244
168245
168246
168247
168248
168249
168251
168252
168259
168343
168345
168374
168496
168500
168511
168537
168550
168551
168552
168553
168554
168555
168556
168557
168558
168559
168560
168561
168562
168563
168564
168565
168569
168570
168571
168572
168574
168575
168576
168577
168578
168579
168580
168581
168583
168584
168609
168623
168626
168627
168628
168630
168631
168632
168633
168634
168635
168833
168834
168867
168868
168869
168870
168871
168872
168873
168962
168973
168979
168992
168997
168998
168999
169000
169001
169012
169013
169014
169015
169017
169018
169019
169020
169021
169022
169023
169024
169025
169026
169027
169028
169029
169030
169031
169032
169033
169034
169035
169036
169037
169040
169041
169042
169043
169044
169046
169047
169048
169049
169050
169051
169052
169053
169054
169055
169056
169057
169080
169081
169082
169085
169087
169089
169092
169093
169094
169095
169096
169097
169098
169102
169162
169163
169227
169228
169258
169291
169295
169296
169315
169319
169320
169322
169323
169324
169325
169326
169327
169328
169329
169330
169331
169332
169333
169334
169357
169358
169359
169360
169361
169362
169363
169364
169367
169370
169372
169373
169374
169375
169377
169378
169379
169382
169383
169384
169402
169403
169404
169417
169418
169420
169440
169441
169442
169446
169447
169448
169450
169451
169458
169459
169460
169461
169462
169463
169464
169465
169466
169467
169483
169485
169486
169487
169488
169489
169490
169491
169492
169493
169494
169496
169497
169498
169499
169500
169501
169502
169503
169504
169505
169510
169511
169512
169514
169516
169518
169519
169520
169521
169522
169523
169524
169525
169526
169542
169559
169579
169580
169581
169582
169583
169584
169669
169685
169686
169692
169698
169746
169747
169748
169749
169750
169751
169752
169753
169754
169755
169756
169757
169758
169759
169760
169761
169762
169763
169764
169765
169766
169767
169768
169769
169770
169771
169772
169773
169774
169775
169776
169777
169778
169779
169780
169781
169782
169783
169784
169785
169786
169787
169788
169789
169790
169791
169792
169793
169794
169796
169797
169811
169812
169813
169815
169816
169817
169818
169819
169820
169821
169822
169823
169824
169825
169826
169827
169828
169829
169830
169832
169833
169834
169835
169836
169837
169838
169884
169885
169886
169887
169889
169890
169891
169908
169910
169911
169912
169917
169918
169919
169927
169929
169930
169931
169932
169933
169935
169938
169939
169949
169950
169966
169969
169982
170012
170013
170018
170019
170041
170056
170058
170059
170060
170068
170074
170083
170087
170110
170112
170113
170114
170130
