298022
298023
298024
298025
298039
298044
298045
298046
298047
298048
298049
298050
298051
298052
298053
298057
298058
298059
298060
298061
298062
298063
298064
298065
298066
298072
298073
298074
298097
298101
298102
298105
298107
298108
298109
298110
298111
298112
298113
298122
298129
298130
298131
298132
298133
298134
298135
298136
298137
298142
298143
298144
298145
298148
298149
298151
298152
298157
298158
298159
298160
298161
298162
298163
298164
298165
298166
298167
298168
298172
298173
298174
298175
298176
298189
298197
298212
298214
298217
298232
298233
298242
298243
298248
298257
298260
298261
298262
298263
298264
298279
298280
298281
298282
298283
298284
298285
298286
298287
298289
298290
298291
298292
298293
298294
298299
298300
298301
298302
298303
298304
298305
298306
298307
298309
298310
298311
298312
298313
298314
298315
298316
298317
298321
298334
298336
298337
298338
298339
298340
298341
298342
298343
298344
298345
298346
298347
298349
298350
298351
298362
298364
298366
298367
298368
298369
298370
298371
298372
298373
298375
298376
298377
298378
298379
298380
298389
298390
298391
298398
298399
298400
298401
298402
298404
298405
298406
298407
298408
298411
298421
298422
298424
298437
298438
298439
298443
298450
298451
298453
298454
298455
298456
298499
298501
298502
298503
298504
298505
298506
298507
298508
298509
298515
298516
298517
298518
298519
298520
298521
298522
298523
298524
298528
298539
298540
298541
298542
298543
298544
298545
298546
298549
298550
298551
298552
298553
298556
298557
298558
298559
298560
298561
298562
298563
298564
298565
298566
298567
298568
298569
298570
298571
298572
298573
298576
298577
298578
298579
298581
298583
298605
298606
298607
298608
298609
298610
298611
298612
298613
298615
298616
298618
298619
298620
298621
298622
298623
298624
298625
298626
298627
298628
298629
298630
298631
298632
298640
298641
298642
298643
298644
298646
298647
298648
298650
298651
298652
298653
298654
298655
298656
298657
298658
298659
298661
298662
298663
298665
298666
298667
298668
298670
298672
298673
298674
298675
298676
298677
298678
298679
298682
298684
298685
298686
298687
298688
298689
298690
298691
298692
298693
298694
298695
298696
298697
298698
298699
298700
298701
298702
298703
298704
298705
298706
298707
298708
298709
298710
298711
298712
298713
298714
298715
298716
298717
298718
298719
298720
298721
298722
298723
298724
298725
298726
298727
298728
298729
298730
298731
298732
298733
298734
298735
298736
298737
298738
298739
298740
298741
298742
298743
298744
298745
298746
298750
298751
298752
298753
298754
298755
298756
298757
298760
298761
298762
298764
298765
298766
298767
298769
298770
298771
298772
298773
298774
298786
298787
298788
298789
298790
298808
298809
298814
298815
298816
298818
298821
298832
298833
298842
298843
298844
298845
298846
298847
298851
298855
298856
298867
298873
298874
298880
298881
298882
298886
298887
298888
298893
298894
298895
298896
298900
298901
298902
298903
298904
298905
298906
298907
298908
298909
298910
298911
298913
298914
298915
298916
298917
298918
298919
298920
298921
298923
298929
298930
298931
298934
298935
298936
298944
298946
298947
298948
298949
298950
298951
298952
298953
298954
298955
298956
298957
298958
298959
298960
298961
298962
298963
298966
298967
298968
298984
298985
298996
298997
298998
298999
299000
299006
299007
299008
299013
299014
299015
299016
299017
299018
299019
299020
299021
299022
299023
299026
299038
299043
299059
299060
299061
299062
299063
299064
299066
299074
299078
299079
299080
299081
299082
299083
299084
299085
299094
299095
299096
299097
299109
299110
299111
299112
299119
299120
299126
299127
299128
299131
299132
299133
299134
299137
299138
299139
299140
299141
299142
299143
299144
299145
299146
299147
299175
299182
299183
299184
299185
299191
299192
299193
299194
299195
299196
299197
299198
299199
299200
299205
299206
299207
299210
299211
299212
299214
299217
299218
299219
299220
299221
299222
299223
299224
299225
299226
299227
299241
299242
299243
299247
299248
299249
299250
299251
299252
299253
299254
299255
299256
299257
299258
299259
299260
299261
299262
299264
299265
299266
299267
299268
299271
299272
299273
299274
299275
299279
299280
299284
299285
299286
299288
299289
299290
299291
299292
299293
299294
299304
299305
299306
299307
299308
299309
299310
299311
299317
299318
299319
299320
299321
299322
299323
299324
299325
299326
299335
299336
299337
299338
299339
299340
299341
299342
299343
299344
299345
299346
299347
299348
299349
299355
299356
299357
299358
299359
299362
299364
299365
299366
299367
299368
299369
299370
299371
299372
299373
299374
299375
299376
299377
299378
299380
299381
299382
299383
299384
299396
299398
299399
299400
299401
299402
299403
299407
299408
299409
299410
299411
299412
299458
299459
299460
299461
299462
299463
299464
299472
299473
299477
299478
299479
299480
299481
299499
299500
299504
299505
299506
299507
299508
299509
299510
299511
299512
299513
299514
299515
299516
299517
299518
299519
299520
299521
299522
299523
299529
299530
299531
299532
299533
299534
299535
299536
299537
299546
299547
299548
299549
299550
299551
299552
299557
299562
299563
299571
299574
299577
299578
299579
299580
299583
299588
299589
299590
299591
299592
299593
299596
299597
299598
299599
299600
299601
299602
299603
299604
299605
299606
299607
299608
299609
299610
299611
299612
299613
299614
299615
299616
299620
299621
299622
299623
299629
299630
299637
299638
299680
299681
299682
299683
299684
299685
299686
299687
299688
299692
299693
299701
299710
299711
299718
299719
299720
299721
299722
299723
299724
299727
299728
299729
299730
299731
299732
299733
299734
299735
299736
299737
299738
299739
299742
299743
299744
299745
299753
299754
299755
299756
299758
299759
299765
299766
299767
299769
299771
299772
299773
299774
299775
299785
299786
299797
299798
299799
299800
299801
299816
299826
299827
299830
299831
299832
299833
299834
299835
299836
299837
299838
299840
299845
299846
299847
299848
299849
299850
299852
299853
299854
299875
299876
299886
299887
299888
299889
299893
299894
299895
299896
299897
299898
299899
299900
299901
299902
299903
299905
299907
299908
299910
299911
299912
299913
299914
299915
299916
299917
299923
299924
299931
299932
299938
299944
299945
299946
299947
299948
299951
299952
299958
299959
299963
299964
299965
299966
299967
299968
299969
299970
299978
299983
299989
299990
299991
299995
299996
300004
300005
300007
300012
300013
300014
300015
300016
300017
300018
300019
300020
300021
300024
300025
300026
300029
300030
300031
300032
300033
300034
300035
300041
300042
300043
300044
300045
300050
300054
300055
300056
300057
300058
300059
300060
300061
300062
300063
300064
300065
300066
300071
300072
300073
300074
300075
300076
300077
300082
300083
300084
300085
300086
300087
300088
300089
300090
300091
300092
300093
300094
300095
300096
300099
300100
300101
300102
300105
300106
300125
300126
300127
300128
300129
300134
300140
300141
300145
300146
300150
300151
300152
300153
300154
300159
300160
300163
300164
300168
300169
300170
300171
300172
300173
300174
300175
300176
300177
300178
300179
300190
300191
300192
300193
300194
300195
300196
300197
300198
300199
300200
300204
300205
300206
300226
300227
300228
300230
300231
300232
300234
300235
300236
300237
300238
300301
300302
300303
300304
300305
300306
300307
300308
300309
300310
300311
300312
300313
300314
300318
300319
300320
300322
300323
300324
300325
300328
300329
300330
300331
300332
300333
300346
300347
300348
300349
300350
300351
300352
300353
300354
300355
300356
300357
300371
300372
300373
300377
300378
300380
300381
300382
300383
300384
300386
300387
300388
300390
300391
300392
300394
300398
300404
300405
300406
300419
300421
300422
300423
300424
300425
300426
300428
300429
300430
300434
300435
300436
300437
300443
300444
300446
300447
300450
300451
300452
300453
300455
300456
300457
300458
300459
300461
300462
300466
300475
300476
300477
300482
300483
300484
300485
300486
300487
300488
300489
300490
300491
300492
300493
300494
300497
300498
300499
300501
300502
300503
300504
300505
300506
300507
300508
300513
300521
300522
300523
300526
300535
300536
300537
300538
300539
300542
300543
300544
300546
300547
300548
300549
300550
300551
300580
300581
300582
300606
300609
300610
300611
300612
300613
300614
300615
300616
300617
300618
300619
300620
300622
300625
300631
300632
300633
300634
300635
300651
300652
300653
300654
300655
300656
300657
300658
300663
300664
300665
300666
300667
300668
300670
300671
300672
300673
300676
300679
300681
300683
300684
300686
300689
300690
300691
300692
300694
300695
300700
300703
300718
300726
300728
300729
300730
300731
300732
300735
300736
300737
300740
300755
300756
300757
300758
300759
300760
300772
300778
300782
300783
300784
300787
300788
300789
300790
300791
300793
300794
300795
300796
300797
300798
300799
300806
300807
300809
300810
300811
300812
300813
300814
300815
300820
300821
300822
300827
300828
300861
300862
300863
300864
300865
300866
300868
300869
300870
300871
300872
300873
300874
300875
300876
300877
300878
300879
300880
300881
300882
300883
300884
300885
300886
300887
300891
300892
300893
300898
300901
300902
300903
300904
300905
300906
300907
300916
300917
300918
300919
300920
300921
300922
300924
300933
300934
300939
300940
300941
300942
300943
300944
300945
300951
300952
300953
300954
300957
300958
300959
300960
300961
300962
300963
300964
300970
300971
300978
300988
300989
300990
300991
300992
300993
300994
301003
301010
301028
301029
301031
301032
301033
301034
301035
301037
301038
301049
301050
301052
301053
301054
301064
301077
301078
301083
301084
301088
301089
301090
301091
301092
301093
301094
301099
301100
301101
301102
301103
301104
301105
301106
301107
301108
301109
301110
301111
301112
301113
301114
301115
301116
301117
301118
301119
301120
301121
301122
301123
301127
301128
301129
301130
301131
301132
301133
301134
301135
301136
301137
301138
301139
301140
301141
301142
301143
301144
301145
301146
301147
301148
301149
301150
301156
301157
301158
301170
301171
301172
301180
301181
301182
301197
301198
301199
301200
301201
301202
301203
301204
301205
301206
301207
301208
301209
301210
301211
301212
301213
301214
301215
301216
301217
301218
301219
301220
301224
301225
301228
301229
301230
301235
301236
301237
301238
301239
301240
301241
301242
301243
301244
301245
301246
301247
301248
301249
301251
301252
301253
301254
301255
301256
301257
301258
301259
301260
301261
301277
301282
301286
301289
301290
301291
301292
301293
301294
301295
301296
301297
301298
301299
301302
301303
301304
301305
301306
301331
301334
301335
301336
301344
301346
301347
301348
301350
301351
301352
301354
301355
301362
301363
301364
301365
301366
301367
301370
301371
301372
301373
301374
301375
301376
301377
301378
301379
301380
301381
301382
301383
301384
301385
301394
301413
301414
301415
301416
301417
301418
301419
301422
301424
301425
301426
301428
301429
301430
301431
301433
301434
301436
301437
301438
301441
301442
301443
301444
301445
301446
301457
301459
301467
301468
301471
301472
301494
301495
301496
301497
301499
301505
301515
301519
301525
301539
301540
301541
301542
301543
301544
301545
301546
301547
301549
301550
301551
301552
301553
301554
301555
301556
301561
301562
301563
301564
301565
301566
301567
301568
301569
301570
301576
301577
301578
301579
301580
301581
301582
301583
301584
301585
301586
301587
301588
301589
301595
301597
301598
301606
301607
301608
301609
301610
301621
301626
301638
301647
301648
301680
301681
301728
301732
301733
301734
301735
301736
301743
301744
301745
301746
301747
301748
301751
301752
301753
301755
301757
301758
301759
301760
301761
301763
301771
301777
301778
301782
301783
301791
301793
301794
301795
301801
301802
301803
301804
301805
301807
301809
301810
301813
301814
301822
301824
301829
301844
301848
301854
301855
301856
301857
301859
301860
301861
301862
301863
301866
301867
301868
301871
301872
301873
301874
301875
301879
301880
301882
301883
301884
301888
301889
301890
301891
301892
301893
301894
301895
301917
301919
301920
301921
301922
301923
301927
301928
301973
301976
301977
301978
301979
301981
301982
301985
302003
302004
302007
302008
302009
302010
302011
302012
302040
302042
302043
302044
302046
302047
302048
302049
302050
302051
302052
302053
302054
302055
302056
302057
302058
302088
302089
302091
302092
302093
302094
302095
302098
302100
302101
302102
302108
302123
302127
302134
302137
302138
302140
302141
302143
302144
302145
302146
302147
302148
302149
302150
302151
302152
302153
302154
302160
302161
302162
302163
302164
302165
302172
302175
302179
302180
302181
302182
302183
302184
302185
302186
302187
302188
302189
302190
302191
302192
302194
302195
302196
302197
302198
302199
302200
302201
302202
302203
302204
302205
302206
302208
302209
302210
302211
302212
302213
302215
302216
302218
302219
302220
302225
302226
302229
302230
302231
302238
302239
302240
302241
302300
302309
302314
302315
302316
302317
302318
302319
302320
302321
302322
302330
302335
302338
302339
302354
302355
302356
302357
302362
302363
302364
302365
302366
302367
302368
302369
302373
302374
302376
302378
302379
302382
302385
302400
302401
302406
302407
302408
302409
302410
302411
302412
302413
302414
302415
302416
302451
302452
302453
302454
302455
302457
302458
302460
302461
302462
302463
302464
302465
302466
302467
302468
302469
302470
302471
302472
302475
302476
302477
302478
302479
302480
302481
302482
302489
302490
302491
302494
302495
302496
302498
302499
302501
302502
302503
302522
302523
302524
302525
302526
302527
302532
302537
302551
302552
302553
302554
302555
302556
302557
302558
302559
302560
302564
302565
302566
302567
302584
302585
302586
302587
302593
302594
302595
302596
302597
302598
302599
302600
302601
302602
302603
302609
302610
302611
302612
302613
302614
302617
302619
302620
302621
302622
302623
302624
302625
302626
302627
302634
302641
302642
302643
302644
302645
302646
302647
302648
302649
302650
302652
302654
302655
302656
302657
302658
302659
302660
302661
302662
302663
302664
302665
302666
302667
302671
302672
302673
302674
302676
302678
302679
302689
302694
302699
302701
302702
302703
302704
302706
302709
302711
302712
302714
302715
302716
302717
302718
302719
302720
302721
302722
302723
302724
302725
302726
302727
302728
302729
302730
302731
302732
302733
302734
302735
302736
302737
302738
302739
302740
302741
302742
302743
302744
302745
302746
302747
302750
302751
302752
302760
302761
302762
302764
302768
302770
302775
302776
302777
302808
302809
302810
302811
302819
302820
302821
302822
302823
302824
302828
302829
302831
302832
302833
302834
302835
302836
302837
302838
302839
302844
302856
302857
302869
302870
302871
302872
302873
302879
302880
302881
302910
302911
302913
302923
302925
302926
302928
302929
302930
302936
302944
302945
302946
302947
302950
302951
302952
302953
302954
302955
302957
302958
302959
302960
302965
302980
302982
302983
302984
302985
302986
302987
302988
302989
302991
302992
302993
302994
302995
302998
303001
303014
303031
303032
303033
303034
303035
303036
303037
303038
303040
303042
303043
303044
303046
303047
303050
303071
303072
303073
303076
303077
303078
303079
303080
303081
303082
303083
303085
303086
303087
303088
303092
303093
303157
303158
303159
303160
303161
303162
303172
303173
303174
303175
303176
303177
303178
303179
303180
303181
303185
303215
303216
303218
303219
303220
303222
303226
303227
303235
303236
303237
303238
303239
303240
303241
303242
303243
303244
303245
303246
303247
303248
303249
303250
303251
303255
303256
303257
303258
303259
303260
303261
303262
303266
303295
303296
303297
303313
303315
303316
303317
303318
303319
303320
303321
303322
303323
303324
303325
303326
303327
303328
303329
303330
303331
303332
303333
303334
303335
303336
303337
303338
303339
303340
303341
303342
303343
303344
303345
303346
303347
303349
303350
303351
303352
303353
303354
303355
303356
303357
303358
303359
303360
303361
303374
303375
303376
303377
303378
303379
303380
303381
303382
303383
303388
303389
303390
303391
303393
303394
303395
303396
303399
303400
303401
303402
303403
303404
303405
303406
303407
303408
303409
303410
303411
303412
303415
303416
303417
303418
303419
303420
303421
303426
303427
303429
303432
303433
303434
303435
303436
303437
303438
303439
303440
303442
303443
303444
303445
303446
303447
303448
303449
303450
303451
303452
303453
303454
303455
303456
303457
303458
303459
303460
303461
303462
303463
303464
303465
303466
303467
303469
303470
303471
303472
303473
303474
303475
303476
303480
303481
303482
303483
303484
303485
303487
303488
303489
303490
303491
303492
303493
303494
303495
303496
303497
303498
303499
303500
303501
303502
303503
303504
303505
303506
303507
303508
303509
303510
303511
303512
303513
303514
303515
303516
303517
303518
303519
303520
303521
303522
303523
303524
303525
303526
303527
303528
303529
303530
303531
303532
303533
303534
303535
303536
303537
303538
303539
303540
303541
303542
303543
303544
303545
303551
303552
303553
303554
303555
303556
303557
303558
303559
303560
303561
303562
303563
303564
303565
303566
303567
303568
303569
303570
303571
303572
303575
303576
303577
303578
303579
303580
303581
303582
303583
303584
303585
303586
303587
303588
303589
303590
303591
303592
303593
303594
303595
303597
303606
303608
303609
303610
303614
303615
303618
303622
303623
303626
303627
303628
303641
303642
303643
303644
303645
303646
303647
303648
303649
303651
303652
303653
303654
303655
303656
303657
303658
303659
303660
303661
303662
303663
303664
303665
303666
303667
303668
303669
303670
303671
303672
303673
303674
303675
303676
303677
303678
303679
303680
303681
303682
303683
303684
303685
303686
303687
303688
303689
303690
303691
303695
303696
303697
303698
303699
303700
303701
303702
303703
303704
303705
303706
303707
303708
303709
303710
303711
303712
303713
303714
303718
303719
303720
303721
303722
303723
303724
303725
303726
303727
303728
303729
303730
303731
303732
303733
303734
303735
303736
303737
303738
303739
303740
303741
303742
303743
303744
303745
303746
303747
303748
303749
303750
303751
303752
303753
303754
303755
303756
303757
303758
303759
303760
303761
303762
303763
303764
303765
303766
303767
303772
303773
303774
303788
303789
303790
303791
303792
303793
303794
303795
303796
303797
303798
303799
303800
303801
303802
303803
303804
303805
303806
303807
303808
303809
303810
303811
303812
303813
303814
303815
303816
303817
303818
303819
303820
303821
303822
303823
303824
303827
303828
303829
303830
303831
303832
303833
303834
303835
303836
303837
303838
303839
303840
303841
303842
303843
303844
303845
303846
303847
303848
303849
303850
303851
303858
303859
303860
303861
303862
303863
303864
303865
303866
303867
303868
303869
303870
303871
303872
303873
303874
303875
303876
303881
303882
303883
303884
303885
303886
303887
303889
303890
303891
303892
303893
303897
303905
303906
303907
303908
303909
303910
303911
303912
303913
303914
303915
303916
303917
303918
303919
303920
303921
303922
303923
303924
303925
303926
303927
303928
303929
303930
303931
303932
303933
303934
303935
303936
303937
303938
303944
303945
303946
303947
303948
303949
303950
303951
303952
303953
303954
303955
303959
303960
303961
303962
303963
303964
303965
303966
303967
303968
303969
303970
303971
303972
303973
303974
303975
303976
303977
303979
303980
303981
303982
303983
303984
303985
303986
303987
303988
303989
303990
303991
303992
303993
303994
303995
303996
304008
304016
304024
304035
304043
304044
304045
304048
304049
304050
304051
304053
304062
304063
304065
304066
304067
304069
304070
304071
304074
304075
304076
304077
304078
304079
304080
304081
304082
304086
304093
304128
304129
304130
304134
304138
304139
304140
304162
304163
304164
304165
304166
304167
304168
304169
304171
304173
304174
304175
304176
304177
304178
304179
304180
304183
304192
304193
304198
304199
304201
304202
304203
304204
304205
304206
304209
304210
304212
304213
304215
304216
304217
304218
304219
304221
304223
304224
304234
304235
304236
304237
304238
304240
304242
304243
304244
304245
304246
304247
304248
304249
304250
304277
304278
304279
304280
304282
304283
304284
304285
304286
304287
304288
304289
304290
304291
304292
304298
304299
304300
304321
304323
304324
304328
304329
304330
304331
304332
304333
304334
304335
304343
304344
304345
304346
304357
304368
304369
304370
304371
304372
304373
304374
304375
304376
304377
304378
304379
304387
304388
304389
304390
304391
304392
304393
304395
304401
304402
304403
304404
304405
304406
304407
304408
304409
304410
304439
304440
304442
304444
304445
304453
304454
304462
304463
304464
304465
304466
304467
304468
304470
304471
304505
304517
304518
304519
304520
304521
304522
304534
304543
304544
304545
304546
304547
304548
304549
304550
304551
304552
304553
304554
304555
304556
304557
304558
304559
304560
304561
304562
304563
304564
304565
304566
304567
304568
304569
304571
304573
304574
304575
304576
304577
304587
304588
304589
304590
304592
304595
304596
304597
304598
304599
304600
304601
304602
304606
304613
304622
304623
304624
304625
304628
304629
304630
304631
304632
304633
304635
304636
304637
304638
304642
304648
304649
304650
304651
304653
304654
304655
304661
304666
304667
304669
304670
304671
304672
304674
304675
304676
304677
304678
304679
304680
304681
304682
304683
304684
304685
304686
304687
304688
304689
304690
304691
304692
304693
304694
304695
304696
304697
304698
304699
304700
304701
304702
304703
304704
304705
304706
304707
304708
304709
304710
304713
304717
304720
304721
304722
304723
304725
304726
304727
304728
304729
304730
304731
304732
304734
304735
304736
304737
304738
304739
304740
304741
304742
304743
304744
304745
304747
304748
304749
304750
304751
304752
304783
304784
304785
304786
304787
304788
304789
304790
304791
304792
304793
304794
304795
304809
304810
304811
304812
304819
304821
304822
304823
304824
304825
304826
304827
304828
304829
304830
304831
304832
304841
304842
304847
304848
304868
304869
304870
304871
304872
304873
304877
304878
304879
304880
304881
304882
304883
304884
304885
304886
304893
304894
304895
304897
304905
304906
304907
304910
304911
304912
304913
304914
304915
304916
304917
304918
304919
304920
304921
304922
304923
304924
304926
304927
304928
304929
304930
304931
304932
304933
304934
304936
304940
304942
304943
304954
304959
304998
304999
305000
305001
305007
305013
305014
305016
305017
305018
305019
305020
305021
305033
305034
305035
305036
305037
305038
305039
305040
305041
305042
305051
305052
305054
305057
305061
305063
305064
305092
305093
305094
305095
305096
305102
305103
305104
305106
305107
305108
305109
305110
305111
305112
305114
305115
305116
305117
305118
305119
305149
305170
305171
305172
305173
305174
305175
305184
305247
305256
305329
305330
305334
305335
305336
305337
305338
305339
305340
305347
305348
305349
305350
305351
305352
305359
305362
305367
305368
305369
305370
305371
305372
305374
305375
305376
305377
305378
305379
305380
305381
305382
305383
305386
305387
305388
305390
305391
305392
305393
305395
305396
305397
305398
305401
305402
305413
305417
305418
305419
305420
305426
305432
305436
305440
305441
305442
305443
305444
305445
305446
305447
305448
305455
305456
305461
305462
305463
305464
305466
305467
305468
305469
305470
305471
305472
305473
305474
305475
305476
305477
305478
305482
305483
305484
305485
305487
305488
305489
305491
305492
305502
305503
305504
305510
305511
305512
305514
305515
305516
305517
305518
305519
305524
305525
305526
305527
305528
305530
305531
305532
305533
305534
305535
305536
305537
305538
305539
305540
305542
305546
305547
305564
305569
305570
305571
305572
305574
305575
305576
305577
305578
305579
305581
305582
305585
305591
305593
305596
305597
305598
305599
305601
305602
305603
305604
305605
305606
305608
305609
305610
305611
305612
305615
305616
305617
305618
305622
305623
305624
305626
305627
305628
305629
305630
305631
305632
305633
305634
305635
305639
305640
305642
305653
305654
305655
305656
305657
305658
305659
305676
305677
305678
305679
305680
305681
305682
305683
305684
305685
305689
305691
305692
305693
305694
305695
305697
305698
305699
305700
305701
305702
305703
305704
305705
305711
305712
305713
305715
305716
305717
305719
305720
305743
305744
305745
305747
305748
305749
305750
305751
305754
305756
305758
305759
305760
305761
305762
305763
305764
305765
305766
305767
305768
305771
305772
305773
305774
305775
305776
305777
305778
305779
305780
305781
305782
305818
305819
305824
305825
305827
305828
305829
305833
305834
305837
305841
305845
305846
305847
305866
305868
305869
305870
305871
305872
305873
305874
305875
305876
305877
305878
305879
305884
305885
305886
305887
305888
305889
305890
305891
305892
305893
305895
305896
305898
305901
305902
305903
305904
305906
305908
305909
305910
305912
305913
305914
305915
305916
305917
305918
305919
305920
305921
305922
305924
305925
305926
305948
305949
305952
305954
305955
305957
305958
305959
305960
305962
305965
305966
305967
305968
305969
305970
305971
305974
305975
305976
305977
305982
305983
305984
305985
305988
305989
305990
305991
305993
305994
305995
305996
305997
305998
305999
306000
306001
306002
306003
306004
306005
306006
306007
306008
306009
306010
306011
306012
306013
306014
306015
306016
306027
306028
306030
306037
306038
306039
306040
306041
306042
306043
306044
306045
306046
306047
306048
306049
306059
306060
306061
306063
306065
306067
306068
306075
306076
306077
306078
306079
306080
306081
306082
306083
306084
306085
306086
306087
306088
306089
306090
306091
306092
306093
306094
306095
306096
306097
306101
306111
306112
306113
306115
306116
306117
306118
306122
306123
306127
306132
306133
306135
306136
306137
306138
306139
306140
306147
306149
306157
306159
306160
306161
306164
306170
306171
306172
306174
306175
306176
306177
306178
306179
306182
306183
306184
306185
306186
306187
306188
306189
306190
306191
306192
306193
306194
306195
306196
306197
306198
306201
306202
306204
306207
306208
306210
306211
306212
306213
306214
306223
306224
306225
306229
306230
306231
306233
306234
306235
306236
306237
306239
306240
306241
306242
306243
306244
306245
306248
306250
306252
306253
306254
306255
306257
306261
306262
306263
306264
306265
306266
306267
306268
306269
306270
306272
306273
306274
306276
306278
306279
306281
306282
306283
306286
306287
306288
306290
306293
306294
306295
306301
306328
306329
306330
306331
306332
306333
306334
306335
306362
306363
306364
306366
306368
306370
306371
306372
306374
306375
306376
306378
306379
306380
306385
306386
306387
306388
306389
306390
306391
306392
306400
306401
306402
306403
306404
306405
306414
306415
306416
306417
306418
306419
306422
306423
306427
306428
306429
306433
306455
306456
306460
306461
306462
306486
306487
306491
306493
306495
306497
306498
306499
306500
306501
306503
306504
306505
306506
306507
306508
306509
306510
306512
306513
306514
306516
306517
306518
306519
306521
306523
306524
306525
306526
306528
306529
306530
306531
306532
306534
306535
306538
306539
306540
306541
306542
306543
306545
306546
306547
306548
306549
306550
306551
306553
306554
306559
306560
306561
306562
306563
306564
306565
306566
306567
306568
306569
306570
306571
306572
306573
306574
306575
306576
306585
306594
306595
306601
306605
306607
306609
306610
306611
306614
306616
306618
306619
306620
306630
306631
306632
306633
306634
306635
306636
306637
306638
306639
306641
306643
306645
306646
306648
306649
306651
306652
306653
306654
306655
306658
306660
306661
306662
306663
306666
306667
306668
306669
306673
306674
306675
306676
306678
306679
306680
306684
306695
306696
306697
306701
306703
306704
306706
306709
306710
306712
306713
306714
306715
306719
306725
306728
306729
306730
306731
306732
306734
306735
306736
306737
306738
306739
306740
306741
306742
306743
306744
306745
306746
306748
306749
306750
306751
306752
306753
306754
306755
306756
306757
306758
306759
306760
306761
306762
306763
306764
306765
306766
306767
306768
306769
306770
306771
306772
306773
306774
306775
306776
306777
306778
306779
306790
306791
306792
306793
306794
306795
306796
306797
306798
306799
306800
306801
306802
306803
306804
306805
306806
306807
306808
306809
306823
306824
306826
306827
306828
306829
306830
306831
306832
306833
306834
306836
306837
306838
306839
306843
306844
306845
306846
306847
306848
306849
306850
306851
306852
306853
306854
306855
306856
306857
306858
306859
306860
306861
306862
306865
306867
306869
306870
306871
306872
306873
306874
306879
306884
306885
306886
306887
306888
306889
306890
306891
306892
306893
306894
306895
306896
306897
306898
306899
306900
306901
306902
306903
306904
306905
306906
306907
306908
306911
306914
306915
306916
306917
306918
306929
306930
306931
306932
306933
306934
306935
306936
306937
306938
306939
306940
306941
306942
306943
306944
306946
306947
306950
306952
306953
306954
306955
306956
306959
306960
306961
306962
306963
306964
306965
306966
306968
306969
306970
306978
306979
306986
306987
306988
306994
306996
306997
307000
307001
307002
307003
307004
307005
307014
307015
307016
307017
307018
307019
307023
307024
307036
307037
307038
307039
307042
307043
307045
307046
307047
307048
307049
307050
307052
307053
307054
307058
307059
307060
307064
307065
307068
307069
307070
307072
307074
307075
307076
307077
307078
307079
307081
307082
307083
307094
307095
307096
307097
307098
307099
307100
307101
307102
307103
307106
307107
307108
307109
307110
307111
307112
307114
307115
307116
307117
307122
307123
307124
307125
307126
307127
307128
307132
307142
307143
307149
307150
307151
307152
307153
307155
307156
307157
307158
307161
307162
307164
307165
307166
307167
307168
307169
307170
307171
307174
307175
307176
307177
307178
307179
307180
307181
307182
307183
307184
307185
307187
307189
307190
307191
307192
307193
307194
307195
307197
307198
307199
307200
307202
307203
307204
307205
307206
307207
307208
307209
307210
307211
307212
307213
307214
307215
307216
307226
307231
307232
307233
307234
307235
307236
307238
307239
307240
307241
307242
307256
307257
307258
307259
307260
307261
307262
307275
307276
307277
307323
307324
307326
307327
307328
307330
307331
307332
307336
307337
307338
307339
307340
307341
307342
307343
307344
307345
307346
307347
307348
307349
307350
307351
307352
307353
307354
307355
307356
307357
307358
307359
307365
307376
307377
307378
307379
307380
307381
307382
307383
307384
307386
307387
307388
307389
307390
307391
307392
307393
307394
307395
307396
307397
307398
307399
307400
307401
307402
307403
307404
307405
307406
307407
307408
307409
307414
307418
307419
307420
307423
307424
307427
307428
307429
307430
307431
307449
307450
307451
307459
307460
307461
307462
307463
307464
307465
307466
307467
307468
307469
307470
307471
307472
307473
307474
307475
307476
307477
307478
307479
307480
307481
307482
307483
307484
307485
307486
307487
307488
307489
307490
307491
307492
307493
307494
307495
307496
307497
307498
307499
307500
307501
307502
307503
307504
307505
307506
307507
307508
307509
307510
307511
307512
307513
307514
307515
307521
307522
307523
307524
307525
307526
307527
307528
307529
307530
307531
307538
307539
307540
307541
307542
307548
307549
307550
307551
307552
307553
307554
307555
307556
307557
307558
307559
307560
307561
307562
307563
307564
307565
307566
307567
307568
307569
307570
307572
307575
307576
307577
307578
307579
307580
307581
307582
307583
307586
307587
307588
307592
307599
307600
307601
307602
307603
307604
307605
307606
307607
307608
307609
307610
307611
307612
307613
307614
307615
307616
307617
307618
307619
307620
307621
307622
307623
307624
307625
307628
307629
307630
307631
307632
307633
307634
307635
307636
307637
307638
307640
307641
307642
307643
307644
307645
307646
307647
307648
307649
307650
307651
307652
307653
307654
307655
307656
307659
307660
307661
307662
307663
307664
307665
307666
307667
307668
307669
307670
307671
307672
307673
307674
307675
307676
307677
307679
307680
307681
307682
307683
307684
307685
307686
307692
307693
307697
307698
307699
307701
307711
307712
307714
307715
307716
307717
307718
307719
307720
307721
307722
307723
307724
307725
307726
307729
307730
307731
307732
307733
307734
307735
307736
307737
307741
307742
307743
307745
307747
307748
307758
307759
307760
307762
307764
307765
307766
307767
307768
307769
307770
307771
307775
307776
307777
307778
307779
307780
307789
307790
307791
307792
307793
307796
307797
307805
307806
307807
307808
307809
307811
307812
307813
307814
307815
307816
307817
307818
307819
307820
307821
307822
307823
307824
307825
307826
307827
307828
307829
307830
307831
307832
307843
307844
307845
307846
307853
307854
307856
307857
307858
307859
307860
307861
307862
307863
307864
307865
307866
307867
307868
307869
307870
307871
307872
307873
307874
307875
307876
307877
307878
307879
307880
307881
307882
307883
307884
307885
307886
307887
307888
307891
307892
307893
307894
307899
307900
307908
307913
307933
307934
307936
307937
307939
307940
307941
307942
307943
307947
307948
307949
307950
307951
307952
307953
307955
307956
307957
307958
307959
307960
307965
307966
307971
307972
307973
307974
307975
307976
307978
307979
307980
307982
307983
307984
307985
307986
307987
307988
307989
307990
307991
307992
307993
307994
307995
307996
308006
308007
308008
308009
308010
308011
308014
308017
308020
308021
308023
308024
308027
308028
308029
308030
308033
308034
308035
308043
308046
308047
308048
308049
308050
308051
308056
308057
308058
308059
308060
308061
308062
308063
308064
308065
308066
308070
308071
308072
308073
308075
308076
308080
308081
308084
308085
308086
308087
308088
308089
308090
308091
308103
308104
308105
308106
308107
308108
308119
308121
308122
308123
308124
308125
308126
308127
308128
308129
308130
308136
308139
308140
308143
308145
308146
308148
308149
308150
308151
308152
308153
308161
308163
308174
308175
308177
308178
308180
308181
308182
308183
308184
308185
308186
308187
308188
308189
308190
308191
308192
308193
308194
308200
308201
308202
308203
308204
308205
308206
308207
308220
308223
308224
308225
308226
308251
308260
308261
308262
308263
308264
308265
308267
308270
308271
308272
308273
308274
308278
308279
308281
308285
308286
308288
308289
308290
308292
308293
308294
308295
308296
308297
308298
308299
308304
308305
308306
308313
308314
308315
308320
308321
308322
308323
308324
308325
308328
308329
308330
308331
308332
308334
308335
308336
308337
308338
308339
308340
308347
308349
308350
308351
308352
308353
308354
308355
308356
308357
308358
308359
308360
308361
308362
308363
308364
308365
308366
308368
308369
308380
308381
308382
308384
308386
308387
308388
308389
308390
308391
308399
308400
308401
308402
308403
308404
308405
308407
308408
308409
308410
308411
308412
308413
308415
308416
308417
308418
308419
308420
308421
308422
308423
308424
308425
308426
308427
308428
308455
308456
308457
308458
308465
308466
308467
308468
308469
308472
308473
308474
308475
308476
308478
308479
308480
308481
308482
308483
308484
308485
308486
308487
308488
308490
308491
308492
308493
308494
308495
308496
308497
308498
308499
308500
308501
308502
308503
308504
308505
308506
308507
308508
308510
308511
308512
308513
308514
308515
308516
308517
308518
308519
308520
308521
308522
308523
308524
308525
308526
308527
308528
308529
308530
308536
308537
308538
308539
308540
308541
308549
308550
308551
308552
308553
308554
308555
308556
308557
308562
308563
308564
308565
308566
308567
308568
308569
308579
308580
308611
308612
308613
308614
308615
308616
308617
308618
308619
308620
308621
308622
308623
308624
308625
308626
308630
308631
308632
308633
308634
308635
308636
308638
308639
308640
308641
308642
308644
308645
308646
308647
308648
308662
308663
308664
308665
308666
308674
308675
308676
308677
308678
308679
308680
308681
308683
308684
308685
308702
308703
308706
308707
308708
308709
308710
308711
308712
308713
308714
308715
308716
308730
308731
308732
308733
308734
308735
308736
308737
308738
308739
308740
308741
308742
308743
308744
308745
308746
308747
308748
308749
308750
308751
308752
308753
308754
308759
308760
308761
308762
308763
308764
308765
308766
308767
308768
308769
308770
308771
308772
308773
308774
308776
308777
308778
308779
308785
308786
308787
308789
308792
308793
308794
308796
308797
308798
308799
308800
308801
308802
308806
308807
308808
308809
308810
308811
308812
308813
308814
308816
308817
308818
308819
308820
308821
308822
308823
308824
308826
308827
308828
308829
308830
308831
308832
308833
308834
308835
308836
308837
308838
308839
308840
308841
308842
308843
308844
308845
308847
308848
308849
308850
308851
308852
308853
308854
308856
308857
308858
308859
308861
308862
308864
308865
308866
308867
308873
308874
308883
308884
308890
308891
308892
308893
308894
308896
308897
308898
308899
308905
308907
308908
308910
308911
308912
308913
308914
308915
308917
308918
308919
308932
308933
308934
308935
308936
308937
308938
308939
308940
308941
308942
308943
308944
308948
308949
308950
308955
308956
308957
308958
308959
308962
308963
308964
308965
308973
308974
308975
308976
308977
308978
308979
308980
308986
308988
309043
309048
309049
309050
309051
309075
309076
309077
309078
309080
309081
309082
309083
309084
309093
309094
309095
309097
309098
309099
309100
309101
309102
309103
309104
309105
309106
309107
309108
309109
309110
309111
309112
309113
309135
309136
309137
309138
309139
309140
309141
309142
309154
309155
309156
309157
309158
309159
309164
309166
309167
309169
309170
309171
309173
309174
309175
309179
309180
309182
309183
309184
309202
309203
309204
309205
309206
309207
309208
309210
309211
309212
309213
309214
309215
309216
309217
309218
309220
309221
309222
309223
309224
309225
309227
309230
309231
309232
309233
309234
309235
309236
309237
309238
309239
309243
309247
309248
309249
309251
309252
309253
309254
309255
309256
309257
309258
309259
309266
309267
309268
309270
309271
309274
309275
309280
309281
309282
309283
309284
309285
309290
309291
309292
309293
309294
309305
309306
309307
309308
309309
309399
309400
309401
309402
309403
309405
309406
309407
309409
309413
309417
309418
309419
309420
309421
309422
309423
309424
309425
309426
309427
309428
309429
309430
309461
309462
309466
309467
309468
309469
309471
309472
309479
309481
309482
309483
309484
309485
309486
309487
309488
309489
309490
309491
309501
309502
309503
309504
309505
309506
309507
309508
309509
309510
309517
309518
309539
309540
309541
309542
309544
309545
309546
309548
309549
309554
309556
309557
309558
309559
309565
309583
309586
309587
309588
309589
309590
309593
309595
309596
309615
309616
309617
309618
309619
309620
309621
309622
309623
309624
309625
309626
309631
309632
309633
309634
309636
309637
309638
309639
309641
309642
309643
309644
309645
309646
309648
309652
309653
309663
309664
309665
309666
309667
309668
309669
309670
309671
309672
309677
309678
309679
309680
309681
309682
309683
309684
309685
309686
309687
309688
309689
309697
309698
309699
309700
309701
309702
309703
309706
309708
309709
309710
309711
309712
309713
309714
309715
309777
309778
309779
309780
309786
309787
309789
309797
309798
309799
309800
309803
309804
309807
309809
309810
309811
309812
309813
309814
309815
309816
309817
309818
309819
309820
309821
309822
309824
309825
309826
309827
309828
309829
309890
309891
309892
309893
309894
309902
309903
309904
309905
309906
309907
309908
309910
309917
309918
309919
309920
309923
309924
309925
309926
309927
309928
309929
309930
309931
309932
309933
309934
309937
309938
309939
309940
309941
309942
309943
309944
309945
309951
309952
309953
309954
309955
309956
309957
309964
309965
309966
309967
309968
309970
309975
309976
309977
309978
309979
309980
309982
309983
309984
309985
309986
309987
309992
309993
309994
309995
309996
309997
309999
310000
310001
310015
310018
310019
310020
310023
310024
310025
310028
310032
310033
310034
310035
310036
310037
310038
310039
310040
310041
310042
310043
310044
310045
310048
310049
310052
310053
310054
310055
310063
310064
310065
310066
310070
310071
310072
310073
310074
310075
310076
310077
310078
310080
310082
310083
310085
310086
310087
310088
310089
310090
310091
310092
310093
310094
310095
310096
310097
310098
310099
310100
310101
310102
310103
310107
310110
310114
310115
310116
310117
310119
310120
310121
310122
310123
310124
310135
310136
310137
310138
310139
310141
310145
310149
310151
310169
310170
310171
310172
310173
310174
310183
310184
310185
310186
310187
310188
310192
310205
310206
310207
310212
310213
310214
310215
310216
310232
310233
310234
310235
310236
310237
310239
310240
310259
310260
310261
310262
310263
310264
310265
310271
310272
310290
310291
310295
310296
310298
310302
310303
310304
310305
310306
310310
310311
310312
310313
310314
310315
310316
310317
310318
310319
310320
310321
310325
310327
310328
310329
310330
310331
310332
310333
310334
310335
310336
310337
310340
310341
310342
310357
310358
310359
310364
310366
310367
310368
310369
310370
310377
310378
310379
310380
310386
310387
310388
310389
310390
310391
310392
310393
310394
310395
310397
310399
310400
310401
310402
310403
310404
310405
310406
310407
310408
310409
310410
310411
310412
310413
310414
310415
310416
310417
310418
310419
310420
310421
310422
310423
310424
310425
310426
310427
310428
310429
310430
310431
310432
310433
310434
310435
310436
310437
310438
310439
310440
310441
310442
310443
310444
310445
310446
310447
310448
310449
310450
310451
310452
310453
310454
310455
310456
310457
310458
310459
310460
310461
310462
310463
310464
310465
310466
310467
310468
310469
310470
310471
310472
310473
310474
310475
310476
310478
310479
310480
310482
310483
310484
310486
310487
310489
310494
310495
310496
310497
310498
310499
310500
310501
310502
310507
310508
310509
310518
310519
310520
310521
310522
310523
310524
310525
310526
310527
310528
310529
310530
310531
310532
310533
310534
310535
310536
310537
310538
310539
310540
310541
310545
310551
310552
310553
310554
310555
310556
310557
310558
310559
310560
310562
310563
310565
310566
310567
310578
310579
310580
310587
310588
310589
310590
310591
310594
310595
310597
310598
310599
310600
310604
310605
310607
310609
310610
310614
310615
310616
310617
310618
310619
310620
310621
310622
310625
310626
310627
310628
310629
310630
310631
310632
310633
310634
310646
310647
310651
310654
310655
310656
310657
310660
310661
310662
310665
310666
310682
310684
310685
310686
310687
310688
310689
310690
310694
310695
310696
310697
310699
310700
310701
310702
310703
310704
310705
310706
310707
310708
310709
310717
310718
310719
310720
310721
310722
310723
310724
310725
310728
310729
310730
310731
310732
310733
310734
310735
310736
310737
310738
310739
310740
310741
310742
310743
310744
310745
310746
310747
310748
310749
310756
310757
310758
310759
310760
310761
310762
310780
310781
310783
310784
310785
310786
310787
310788
310789
310790
310791
310792
310793
310794
310795
310799
310800
310801
310802
310803
310804
310805
310806
310807
310808
310811
310815
310816
310817
310819
310820
310821
310822
310823
310824
310825
310826
310827
310829
310830
310839
310840
310841
310842
310844
310845
310846
310847
310848
310849
310850
310851
310853
310854
310855
310856
310861
310862
310863
310864
310865
310871
310872
310873
310874
310879
310880
310881
310882
310883
310884
310885
310886
310895
310896
310897
310898
310900
310901
310902
310913
310914
310915
310922
310926
310927
310928
310929
310930
310931
310940
310941
310946
310959
310960
310961
310962
311029
311030
311031
311032
311033
311034
311035
311036
311037
311038
311040
311041
311042
311043
311044
311045
311046
311047
311049
311050
311051
311056
311058
311059
311060
311061
311062
311063
311064
311068
311069
311070
311071
311072
311073
311074
311075
311076
311079
311080
311081
311082
311087
311088
311089
311090
311094
311095
311096
311097
311098
311099
311100
311101
311103
311104
311107
311108
311111
311112
311118
311119
311120
311121
311122
311123
311124
311125
311131
311134
311135
311138
311140
311147
311148
311150
311151
311163
311185
311186
311191
311192
311193
311194
311195
311198
311199
311200
311208
311209
311210
311211
311212
311213
311214
311215
311216
311217
311218
311221
311225
311226
311233
311234
311236
311238
311239
311243
311244
311245
311246
311247
311248
311251
311252
311253
311254
311255
311256
311258
311259
311260
311261
311262
311263
311264
311267
311269
311270
311278
311279
311280
311281
311282
311283
311291
311292
311293
311294
311295
311296
311297
311298
311335
311336
311337
311363
311364
311365
311369
311373
311384
311385
311386
311391
311392
311393
311394
311396
311397
311398
311399
311400
311401
311402
311403
311404
311405
311406
311407
311409
311410
311411
311420
311443
311444
311445
311446
311447
311448
311449
311450
311451
311452
311453
311454
311455
311456
311457
311458
311459
311460
311461
311462
311463
311464
311465
311466
311467
311468
311469
311470
311471
311472
311473
311474
311475
311476
311477
311478
311479
311480
311481
311482
311483
311489
311492
311493
311494
311495
311496
311497
311498
311499
311500
311511
311512
311513
311514
311515
311516
311517
311518
311521
311522
311526
311527
311528
311529
311531
311533
311534
311535
311536
311560
311563
311565
311570
311571
311572
311573
311574
311575
311576
311579
311580
311581
311582
311583
311584
311586
311597
311598
311599
311602
311605
311607
311608
311620
311621
311622
311623
311624
311625
311626
311627
311631
311632
311633
311634
311635
311638
311639
311640
311644
311645
311646
311647
311648
311649
311650
311651
311662
311663
311664
311670
311671
311673
311678
311723
311724
311725
311726
311727
311729
311730
311731
311732
311734
311735
311736
311737
311738
311739
311740
311741
311742
311743
311744
311745
311751
311752
311753
311754
311756
311757
311758
311759
311760
311761
311762
311763
311764
311765
311766
311767
311768
311769
311770
311771
311772
311773
311774
311779
311780
311781
311784
311785
311786
311789
311790
311795
311797
311798
311799
311800
311809
311810
311811
311812
311813
311820
311821
311822
311823
311824
311825
311826
311827
311828
311829
311838
311839
311841
311842
311843
311844
311845
311846
311849
311850
311853
311855
311856
311857
311858
311859
311860
311864
311865
311867
311869
311870
311871
311872
311873
311874
311875
311889
311890
311892
311893
311894
311895
311896
311897
311898
311899
311900
311901
311902
311903
311904
311906
311910
311911
311913
311914
311915
311916
311917
311918
311919
311920
311921
311922
311923
311931
311932
311933
311934
311935
311936
311937
311938
311939
311940
311941
311943
311944
311945
311946
311947
311948
311950
311951
311952
311954
311955
311956
311957
311964
311965
311966
311967
311968
311969
311970
311971
311972
311973
311974
311975
311976
311979
311980
311983
311984
311985
311986
311990
311991
311997
311998
311999
312000
312001
312006
312007
312008
312009
312011
312012
312013
312014
312016
312017
312018
312019
312020
312021
312030
312033
312034
312053
312054
312055
312056
312057
312063
312064
312065
312066
312067
312068
312069
312073
312074
312075
312076
312077
312078
312079
312080
312087
312088
312089
312090
312091
312092
312093
312094
312095
312096
312097
312098
312099
312100
312101
312102
312103
312104
312105
312106
312110
312111
312113
312114
312115
312116
312118
312122
312123
312124
312126
312127
312128
312130
312131
312132
312133
312134
312137
312138
312168
312172
312173
312174
312175
312182
312185
312186
312187
312188
312190
312194
312195
312197
312201
312202
312203
312209
312210
312211
312212
312213
312214
312215
312218
312219
312220
312221
312222
312223
312224
312225
312226
312227
312228
312230
312231
312232
312233
312234
312235
312236
312237
312238
312239
312240
312241
312242
312243
312244
312245
312246
312247
312248
312249
312250
312251
312252
312256
312258
312259
312260
312266
312267
312268
312269
312270
312290
312291
312292
312293
312294
312295
312296
312297
312298
312299
312300
312301
312303
312304
312305
312306
312307
312309
312310
312311
312312
312313
312317
312318
312319
312320
312321
312322
312323
312324
312325
312326
312327
312328
312365
312366
312367
312379
312380
312381
312382
312383
312384
312385
312386
312387
312388
312389
312390
312391
312392
312393
312399
312403
312404
312405
312410
312411
312412
312418
312419
312420
312421
312422
312423
312424
312425
312426
312427
312428
312433
312434
312435
312436
312437
312438
312439
312440
312441
312442
312443
312445
312446
312447
312448
312449
312450
312452
312453
312471
312481
312483
312484
312485
312486
312488
312490
312491
312493
312496
312497
312498
312499
312506
312507
312508
312509
312510
312511
312513
312514
312515
312516
312517
312518
312519
312520
312521
312523
312524
312525
312526
312527
312528
312529
312530
312538
312539
312541
312542
312543
312548
312549
312550
312551
312552
312553
312554
312555
312556
312557
312558
312559
312560
312561
312562
312563
312564
312565
312566
312575
312576
312586
312587
312588
312589
312600
312601
312602
312603
312605
312606
312607
312608
312609
312610
312619
312623
312627
312628
312630
312631
312632
312633
312634
312636
312637
312651
312652
312653
312654
312655
312656
312657
312658
312659
312660
312664
312665
312666
312667
312680
312681
312682
312687
312703
312706
312707
312709
312711
312712
312713
312714
312715
312716
312717
312718
312722
312724
312725
312726
312727
312744
312745
312746
312755
312756
312762
312763
312764
312771
312796
312797
312798
312799
312800
312805
312806
312807
312809
312810
312811
312812
312813
312815
312818
312819
312829
312830
312831
312832
312834
312835
312836
312837
312838
312839
312840
312857
312862
312863
312864
312874
312875
312876
312877
312878
312899
312900
312920
312921
312922
312946
312947
312948
312949
312950
312960
312962
312964
312965
312967
312969
312974
312996
312999
313012
313015
313026
313032
313036
313037
313038
313039
313040
313041
313042
313043
313044
313048
313050
313051
313052
313053
313054
313055
313056
313057
313058
313059
313060
313061
313062
313063
313064
313065
313066
313067
313069
313070
313071
313072
313073
313074
313075
313076
313077
313078
313079
313081
313082
313083
313084
313085
313086
313087
313088
313089
313090
313091
313092
313093
313094
313095
313096
313097
313098
313101
313102
313103
313104
313105
313106
313107
313108
313118
313119
313120
313123
313125
313126
313127
313128
313129
313130
313131
313132
313133
313134
313135
313136
313137
313138
313139
313140
313141
313142
313143
313144
313145
313146
313147
313148
313149
313150
313151
313152
313153
313154
313156
313158
313159
313160
313161
313162
313163
313164
313165
313166
313167
313168
313169
313170
313171
313172
313180
313181
313182
313184
313185
313187
313188
313189
313190
313191
313192
313193
313194
313195
313196
313197
313198
313200
313201
313202
313203
313204
313205
313207
313211
313212
313213
313214
313215
313216
313217
313218
313219
313220
313221
313222
313223
313229
313230
313234
313235
313236
313237
313238
313239
313240
313241
313252
313253
313254
313255
313256
313257
313258
313259
313260
313261
313273
313277
313278
313279
313280
313282
313301
313302
313303
313304
313305
313306
313307
313309
313310
313311
313312
313313
313314
313315
313323
313324
313325
313326
313327
313328
313331
313332
313333
313334
313335
313336
313337
313338
313339
313340
313341
313342
313343
313344
313345
313346
313347
313348
313349
313350
313351
313352
313353
313354
313355
313359
313360
313361
313362
313363
313364
313365
313366
313368
313372
313373
313374
313375
313376
313377
313380
313381
313382
313383
313384
313385
313386
313387
313388
313389
313390
313391
313404
313405
313409
313410
313411
313414
313417
313418
313421
313423
313424
313425
313426
313427
313428
313429
313430
313431
313432
313433
313434
313435
313437
313438
313439
313440
313441
313442
313443
313446
313447
313448
313449
313450
313451
313454
313455
313456
313457
313458
313459
313461
313462
313463
313465
313466
313475
313476
313479
313487
313490
313491
313497
313502
313503
313504
313505
313506
313507
313514
313515
313516
313517
313518
313519
313520
313521
313522
313524
313525
313526
313527
313528
313529
313530
313531
313532
313533
313534
313537
313538
313540
313541
313548
313549
313550
313551
313552
313553
313554
313557
313570
313573
313596
313597
313599
313603
313604
313606
313607
313608
313609
313611
313612
313613
313614
313615
313616
313617
313618
313619
313620
313621
313622
313625
313643
313644
313645
313654
313655
313656
313657
313658
313659
313660
313661
313662
313663
313664
313665
313666
313667
313668
313669
313670
313671
313673
313674
313676
313677
313678
313679
313683
313684
313685
313686
313687
313688
313692
313693
313694
313695
313696
313697
313698
313699
313700
313701
313718
313719
313724
313740
313741
313742
313743
313744
313747
313751
313752
313754
313755
313756
313757
313758
313759
313760
313761
313762
313766
313767
313769
313770
313771
313772
313773
313774
313775
313776
313777
313780
313781
313782
313783
313784
313786
313787
313788
313789
313790
313791
313792
313793
313795
313796
313797
313798
313799
313800
313802
313803
313804
313805
313806
313807
313808
313811
313812
313813
313814
313815
313816
313824
313825
313826
313827
313829
313832
313833
313834
313835
313836
313837
313838
313839
313849
313850
313851
313852
313853
313854
313855
313857
313858
313859
313860
313871
313872
313873
313875
313876
313877
313878
313882
313884
313928
313929
313930
313932
313933
313934
313935
313936
313937
313938
313940
313941
313942
313943
313944
313951
313956
313957
313959
313960
313961
313962
313963
313967
313968
313969
313970
313971
313972
313973
313974
313975
313976
313977
313978
313979
313980
313981
313982
313983
313984
313986
313987
313988
313989
313990
313991
313992
313993
313995
313996
313997
314000
314001
314002
314003
314004
314005
314007
314008
314010
314011
314012
314013
314014
314015
314016
314017
314018
314019
314020
314022
314023
314024
314025
314026
314027
314028
314029
314031
314032
314033
314034
314035
314036
314037
314038
314039
314040
314041
314042
314043
314045
314046
314047
314048
314049
314050
314051
314052
314053
314054
314055
314056
314057
314058
314059
314060
314061
314062
314066
314067
314068
314076
314077
314078
314079
314080
314081
314082
314083
314084
314085
314086
314087
314088
314089
314090
314091
314092
314093
314094
314097
314098
314102
314108
314113
314114
314115
314116
314117
314118
314119
314120
314121
314122
314123
314124
314125
314126
314131
314140
314141
314142
314144
314146
314147
314148
314149
314150
314151
314152
314153
314154
314155
314156
314157
314158
314159
314160
314161
314162
314163
314164
314165
314166
314167
314168
314172
314182
314183
314184
314185
314186
314187
314188
314189
314190
314191
314192
314193
314194
314195
314196
314197
314198
314199
314200
314201
314204
314212
314213
314214
314215
314216
314217
314218
314219
314220
314221
314224
314225
314226
314227
314229
314230
314231
314237
314244
314245
314246
314247
314248
314249
314255
314256
314257
314259
314261
314262
314263
314264
314265
314266
314267
314268
314269
314270
314271
314272
314273
314274
314275
314276
314277
314278
314279
314280
314282
314283
314284
314285
314286
314287
314288
314300
314301
314302
314303
314310
314311
314312
314319
314320
314324
314325
314326
314328
314332
314333
314334
314341
314342
314343
314344
314345
314346
314347
314348
314349
314350
314351
314352
314353
314354
314355
314356
314357
314358
314361
314362
314364
314365
314370
314371
314372
314373
314374
314375
314376
314384
314386
314387
314388
314389
314390
314391
314392
314394
314395
314396
314397
314398
314400
314401
314402
314404
314405
314406
314407
314408
314409
314410
314411
314413
314416
314417
314418
314419
314420
314421
314422
314423
314424
314425
314426
314427
314435
314438
314439
314440
314441
314442
314443
314444
314445
314446
314447
314456
314458
314459
314460
314471
314472
314473
314481
314488
314489
314490
314491
314492
314493
314496
314498
314499
314502
314510
314511
314512
314513
314524
314525
314526
314527
314528
314529
314530
314531
314532
314533
314534
314535
314538
314539
314540
314541
314542
314543
314544
314545
314546
314553
314554
314555
314556
314557
314558
314559
314560
314563
314564
314565
314566
314567
314568
314569
314570
314571
314572
314573
314582
314583
314584
314585
314586
314587
314588
314589
314595
314599
314601
314602
314603
314604
314605
314606
314607
314608
314609
314610
314611
314612
314613
314614
314615
314619
314620
314621
314622
314623
314624
314625
314626
314627
314628
314629
314630
314631
314633
314634
314635
314636
314637
314638
314639
314640
314641
314643
314644
314645
314646
314647
314648
314649
314650
314651
314652
314655
314656
314657
314658
314659
314660
314661
314662
314663
314664
314665
314666
314672
314673
314674
314675
314676
314677
314678
314679
314680
314686
314700
314701
314703
314704
314705
314706
314707
314708
314709
314710
314711
314712
314713
314715
314721
314734
314735
314739
314740
314741
314742
314775
314776
314777
314778
314780
314781
314782
314783
314784
314785
314797
314801
314802
314803
314804
314805
314806
314812
314813
314814
314820
314821
314822
314823
314824
314825
314826
314827
314828
314829
314830
314831
314832
314833
314834
314835
314836
314837
314838
314840
314841
314843
314845
314846
314847
314850
314851
314888
314896
314897
314898
314903
314904
314905
314906
314907
314913
314924
314929
314930
314931
314932
314935
314936
314937
314938
314943
314944
314945
314946
314947
314948
314951
314954
314955
314956
314957
314958
314959
314963
314964
314965
314971
314972
314973
314974
314975
314976
314977
314978
314979
314984
314985
314987
314988
315001
315008
315009
315032
315045
315083
315084
315085
315088
315089
315090
315091
315092
315093
315094
315095
315096
315097
315098
315099
315100
315101
315102
315103
315104
315105
315106
315107
315108
315109
315110
315111
315112
315113
315114
315115
315116
315117
315118
315119
315121
315122
315123
315124
315126
315127
315128
315129
315130
315131
315132
315133
315135
315139
315140
315141
315142
315143
315176
315177
315178
315179
315180
315181
315182
315183
315184
315185
315187
315190
315193
315194
315195
315196
315207
315208
315209
315214
315215
315221
315222
315223
315224
315225
315226
315227
315228
315229
315230
315231
315232
315233
315235
315237
315238
315239
315240
315241
315242
315245
315247
315248
315249
315250
315251
315252
315254
315255
315256
315257
315258
315259
315260
315261
315262
315263
315264
315265
315266
315267
315269
315270
315271
315272
315275
315276
315277
315278
315280
315282
315287
315289
315291
315292
315293
315294
315295
315300
315302
315303
315305
315307
315308
315309
315311
315312
315314
315315
315320
315321
315322
315323
315324
315325
315327
315328
315331
315334
315335
315336
315337
315338
315340
315343
315346
315357
315358
315359
315360
315361
315362
315363
315364
315365
315366
315367
315368
315369
315373
315376
315377
315378
315380
315381
315382
315383
315384
315385
315386
315397
315425
315430
315431
315432
315433
315441
315442
315443
315444
315445
315446
315447
315448
315449
315450
315451
315452
315453
315459
315460
315461
315464
315465
315466
315483
315484
315485
315486
315487
315488
315489
315490
315491
315492
315493
315494
315495
315497
315499
315500
315501
315502
315503
315504
315505
315506
315507
315509
315510
315530
315531
315532
315533
315537
315538
315539
315540
315542
315543
315544
315545
315546
315547
315548
315549
315550
315552
315553
315554
315555
315556
315557
315558
315559
315560
315561
315563
315564
315565
315566
315567
315568
315569
315570
315572
315573
315574
315575
315576
315577
315578
315579
315580
315581
315582
315583
315584
315585
315586
315587
315588
315589
315590
315591
315592
315593
315594
315595
315596
315597
315598
315603
315604
315607
315608
315611
315617
315620
315621
315623
315624
315625
315626
315628
315629
315630
315631
315632
315634
315636
315637
315638
315639
315640
315641
315642
315643
315644
315649
315650
315651
315653
315655
315656
315657
315658
315659
315660
315661
315662
315664
315665
315666
315668
315669
315670
315671
315672
315709
315710
315711
315712
315713
315714
315715
315716
315717
315726
315727
315728
315729
315730
315731
315733
315734
315735
315741
315742
315743
315744
315745
315746
315747
315748
315749
315750
315751
315752
315753
315754
315755
315756
315757
315758
315759
315760
315761
315765
315766
315767
315768
315769
315780
315781
315782
315783
315784
315786
315793
315794
315795
315796
315797
315798
315799
315800
315801
315802
315803
315804
315805
315837
315838
315839
315850
315851
315852
315853
315854
315855
315861
315862
315863
315864
315865
315866
315867
315868
315869
315870
315871
315872
315873
315874
315875
315876
315877
315878
315879
315886
315889
315890
315891
315899
315900
315901
315902
315903
315904
315905
315906
315907
315908
315919
315922
315927
315928
315929
315930
315932
315937
315938
315940
315941
315951
315953
315955
315956
315982
315983
315984
315991
316018
316019
316020
316034
316035
316036
316039
316047
316050
316051
316061
316062
316071
316072
316074
316081
316082
316095
316105
316107
316109
316121
316124
316125
316153
316154
316155
316156
316157
316158
316159
316161
316163
316170
316171
316172
316173
316174
316175
316176
316177
316178
316179
316181
316182
316184
316186
316187
316194
316197
316199
316200
316201
316202
316204
316205
316206
316248
316249
316250
316251
316252
316253
316258
316260
316261
316265
316266
316267
316268
316272
316276
316279
316280
316286
316287
316292
316293
316294
316296
316297
316298
316299
316300
316301
316302
316303
316304
316305
316306
316307
316308
316309
316310
316311
316312
316313
316314
316315
316316
316320
316321
316322
316324
316325
316326
316328
316329
316330
316331
316332
316333
316334
316335
316336
316337
316338
316339
316340
316341
316342
316343
316344
316345
316346
316347
316348
316349
316350
316352
316355
316361
316362
316370
316372
316373
316375
316376
316378
316379
316383
316384
316385
316386
316387
316388
316389
316395
316396
316397
316398
316399
316400
316401
316402
316403
316404
316405
316406
316407
316408
316409
316410
316411
316412
316413
316414
316427
316428
316429
316442
316443
316444
316445
316446
316448
316449
316450
316451
316452
316453
316454
316455
316456
316457
316458
316459
316462
316472
316473
316474
316482
316483
316484
316485
316491
316492
316493
316494
316495
316497
316498
316499
316500
316501
316502
316503
316504
316505
316506
316507
316508
316511
316512
316513
316514
316515
316516
316517
316518
316519
316520
316521
316522
316523
316524
316525
316526
316527
316528
316529
316530
316531
316532
316533
316535
316536
316537
316538
316539
316540
316541
316542
316543
316545
316546
316547
316548
316549
316550
316551
316553
316558
316564
316565
316566
316571
316572
316576
316577
316578
316579
316580
316581
316582
316583
316584
316585
316586
316587
316588
316589
316597
316598
316599
316600
316601
316602
316603
316604
316605
316606
316607
316608
316609
316612
316613
316614
316615
316616
316617
316618
316619
316620
316621
316622
316623
316624
316625
316626
316627
316628
316632
316633
316634
316635
316637
316638
316639
316640
316641
316642
316643
316644
316645
316646
316647
316648
316649
316650
316651
316652
316653
316654
316655
316656
316657
316658
316659
316660
316662
316663
316664
316665
316666
316667
316668
316669
316670
316671
316672
316673
316674
316677
316679
316681
316682
316686
316687
316688
316689
316690
316692
316693
316694
316695
316696
316697
316698
316699
316700
316701
316702
316703
316704
316705
316706
316707
316708
316709
316710
316711
316712
316713
316714
316715
316716
316717
316718
316721
316722
316723
316724
316725
316726
316727
316728
316729
316730
316731
316732
316733
316734
316739
316740
316741
316742
316743
316744
316745
316746
316747
316748
316749
316750
316751
316752
316753
316754
316755
316756
316757
316758
316759
316760
316761
316762
316763
316764
316765
316766
316769
316770
316771
316772
316773
316774
316775
316780
316781
316792
316793
316794
316795
316796
316797
316800
316801
316804
316805
316806
316807
316808
316810
316811
316812
316813
316814
316815
316816
316817
316818
316819
316820
316823
316824
316825
316826
316827
316828
316836
316837
316838
316839
316840
316841
316842
316843
316844
316845
316846
316847
316852
316854
316867
316868
316869
316870
316871
316872
316873
316874
316875
316878
316879
316880
316881
316882
316883
316884
316885
316886
316887
316888
316889
316890
316891
316892
316893
316894
316895
316896
316898
316901
316902
316906
316907
316908
316909
316910
316911
316928
316945
316946
316951
316952
316953
316954
316955
316958
316959
316969
316971
316972
316973
316974
316975
316976
316977
316978
316980
316982
316983
316984
316985
316986
316987
316988
316989
316995
316996
316997
316998
316999
317000
317001
317002
317003
317004
317005
317006
317007
317008
317009
317010
317011
317012
317013
317014
317015
317016
317017
317018
317019
317020
317021
317022
317023
317024
317025
317026
317027
317028
317029
317030
317031
317032
317033
317034
317035
317036
317037
317038
317039
317040
317041
317042
317043
317044
317045
317049
317051
317052
317053
317055
317056
317061
317062
317063
317064
317065
317066
317067
317068
317069
317070
317071
317072
317073
317074
317075
317076
317077
317078
317079
317080
317081
317082
317083
317084
317085
317086
317087
317088
317089
317090
317091
317100
317101
317102
317103
317159
317161
317166
317167
317168
317169
317170
317171
317172
317173
317174
317178
317179
317180
317181
317182
317183
317184
317185
317186
317187
317188
317189
317192
317193
317194
317195
317196
317197
317198
317200
317201
317202
317203
317204
317205
317206
317207
317208
317209
317210
317212
317213
317214
317216
317217
317218
317219
317220
317221
317222
317226
317236
317237
317238
317242
317244
317250
317251
317252
317253
317256
317257
317258
317260
317261
317262
317263
317265
317266
317267
317268
317269
317270
317271
317272
317273
317274
317275
317276
317287
317288
317289
317290
317291
317297
317298
317299
317300
317301
317311
317312
317313
317314
317315
317316
317320
317321
317328
317331
317332
317333
317334
317335
317336
317339
317345
317347
317348
317349
317350
317351
317352
317359
317360
317362
317364
317366
317368
317370
317372
317384
317392
317394
317396
317397
317399
317401
317403
317404
317405
317406
317407
317408
317409
317410
317414
317415
317421
317422
317423
317424
317425
317426
317427
317428
317429
317430
317431
317432
317433
317434
317435
317436
317437
317438
317441
317442
317443
317444
317445
317446
317447
317448
317449
317450
317451
317452
317453
317454
317455
317456
317457
317458
317459
317460
317461
317462
317463
317464
317465
317466
317467
317468
317469
317470
317471
317472
317473
317474
317477
317478
317479
317480
317481
317482
317483
317484
317485
317486
317487
317488
317489
317498
317500
317515
317516
317517
317518
317519
317520
317521
317522
317524
317525
317526
317529
317530
317531
317537
317541
317551
317552
317569
317583
317597
317598
317599
317600
317601
317602
317603
317604
317611
317641
317642
317643
317644
317645
317646
317647
317648
317649
317653
317654
317655
317657
317658
317659
317660
317661
317662
317663
317664
317665
317666
317667
317668
317672
317673
317674
317675
317676
317677
317678
317679
317680
317681
317682
317683
317684
317686
317687
317688
317689
317699
317700
317702
317703
317704
317705
317706
317707
317708
317709
317710
317711
317712
317713
317714
317715
317716
317717
317718
317719
317720
317721
317722
317723
317726
317727
317728
317729
317731
317732
317733
317734
317735
317736
317737
317741
317742
317743
317744
317745
317746
317761
317762
317763
317764
317765
317766
317767
317768
317769
317770
317771
317772
317779
317780
317781
317782
317783
317784
317785
317786
317787
317788
317789
317790
317791
317792
317793
317794
317795
317796
317797
317798
317799
317800
317801
317802
317803
317804
317805
317806
317807
317817
317818
317836
317840
317841
317842
317843
317844
317847
317848
317849
317850
317851
317852
317853
317856
317857
317858
317863
317865
317866
317867
317868
317869
317871
317872
317874
317875
317876
317909
317910
317911
317912
317915
317969
317971
317972
317973
317977
317983
317984
317985
317987
317988
318000
318001
318002
318003
318004
318005
318007
318008
318009
318010
318011
318014
318020
318021
318023
318024
318026
318028
318029
318031
318032
318033
318034
318037
318039
318040
318041
318044
318045
318046
318047
318048
318050
318051
318052
318053
318054
318055
318056
318058
318060
318061
318062
318063
318064
318065
318066
318076
318080
318081
318082
318084
318085
318086
318087
318089
318094
318095
318096
318097
318098
318099
318100
318110
318111
318127
318128
318129
318130
318131
318133
318134
318137
318140
318141
318147
318148
318165
318166
318175
318176
318188
318189
318190
318194
318196
318197
318198
318208
318209
318210
318211
318218
318219
318220
318230
318233
318234
318237
318242
318243
318248
318249
318250
318251
318259
318260
318263
318264
318267
318270
318271
318273
318275
318276
318279
318280
318281
318282
318283
318284
318285
318286
318287
318289
318290
318291
318292
318293
318294
318295
318296
318297
318298
318299
318300
318301
318302
318303
318304
318305
318306
318307
318308
318309
318339
318340
318341
318342
318343
318344
318345
318346
318348
318349
318350
318351
318353
318354
318357
318358
318359
318360
318361
318362
318363
318364
318365
318366
318367
318368
318385
318400
318401
318408
318409
318410
318411
318420
318426
318427
318428
318429
318430
318434
318436
318451
318452
318453
318454
318455
318456
318457
318458
318459
318460
318461
318462
318463
318464
318468
318469
318470
318471
318472
318473
318474
318475
318476
318477
318478
318479
318480
318481
318482
318483
318487
318488
318489
318490
318492
318493
318494
318496
318497
318498
318499
318500
