151382
151383
151385
151387
151388
151390
151395
151400
151404
151408
151416
151417
151419
151426
151429
151431
151432
151433
151438
151439
151440
151441
151442
151443
151444
151453
151454
151455
151456
151457
151458
151459
151460
151461
151462
151463
151464
151470
151472
151482
151485
151495
151497
151498
151500
151503
151504
151505
151506
151512
151515
151516
151517
151518
151519
151520
151521
151522
151523
151524
151525
151531
151532
151533
151534
151537
151539
151540
151541
151544
151545
151546
151549
151550
151551
151553
151555
151556
151557
151558
151559
151560
151561
151562
151563
151564
151565
151566
151568
151570
151571
151572
151576
151577
151578
151586
151589
151590
151591
151592
151593
151595
151596
151597
151599
151600
151602
151603
151610
151615
151616
151617
151618
151622
151623
151624
151625
151629
151633
151648
151653
151654
151655
151656
151657
151658
151662
151663
151664
151665
151666
151667
151668
151669
151670
151671
151674
151675
151677
151678
151683
151684
151687
151688
151689
151692
151693
151701
151702
151705
151707
151713
151720
151721
151722
151723
151725
151730
151731
151732
151733
151736
151745
151749
151750
151754
151756
151757
151758
151761
151764
151766
151767
151768
151769
151770
151771
151772
151773
151774
151775
151777
151781
151782
151785
151789
151797
151798
151800
151802
151804
151808
151809
151816
151817
151820
151821
151822
151823
151824
151826
151830
151831
151832
151833
151836
151838
151839
151840
151841
151842
151843
151849
151852
151854
151855
151858
151863
151864
151866
151873
151876
151878
151879
151880
151881
151882
151883
151885
151886
151887
151888
151892
151901
151902
151905
151909
151910
151911
151914
151915
151916
151919
151920
151921
151925
151926
151927
151929
151930
151932
151933
151935
151936
151937
151938
151939
151941
151942
151943
151944
151945
151946
151947
151949
151950
151952
151953
151954
151955
151958
151960
151961
151962
151963
151964
151965
151971
151973
151974
151975
151976
151977
151978
151979
151980
151981
151983
151986
151988
151989
151990
151991
151994
151996
151997
151998
151999
152000
152002
152006
152008
152010
152011
152012
152013
152017
152018
152021
152023
152024
152025
152028
152029
152030
152031
152035
152036
152037
152038
152040
152043
152046
152047
152048
152050
152052
152053
152054
152055
152056
152057
152059
152060
152061
152062
152063
152064
152065
152066
152067
152068
152069
152070
152071
152073
152074
152075
152076
152077
152078
152079
152080
152081
152082
152083
152084
152086
152087
152088
152089
152090
152091
152092
152093
152095
152096
152101
152102
152103
152104
152105
152107
152108
152109
152110
152112
152113
152114
152115
152116
152117
152118
152119
152120
152121
152125
152126
152127
152128
152129
152130
152131
152136
152138
152139
152140
152141
152142
152143
152144
152145
152146
152147
152149
152150
152151
152153
152154
152159
152160
152161
152162
152163
152164
152165
152166
152168
152169
152170
152171
152172
152173
152174
152175
152178
152185
152187
152188
152189
152190
152191
152192
152193
152194
152195
152196
152197
152198
152200
152202
152203
152204
152208
152210
152214
152215
152218
152219
152221
152235
152244
152251
152252
152254
152257
152259
152260
152261
152263
152266
152267
152269
152270
152282
152283
152290
152294
152298
152299
152300
152301
152303
152304
152305
152306
152310
152312
152313
152314
152318
152319
152321
152323
152327
152333
152335
152336
152337
152338
152351
152360
152361
152362
152363
152371
152375
152380
152393
152397
152398
152399
152404
152407
152409
152412
152416
152420
152422
152423
152425
152426
152427
152428
152429
152430
152431
152432
152433
152436
152437
152439
152443
152444
152448
152449
152455
152457
152458
152461
152462
152464
152465
152467
152468
152469
152471
152473
152476
152477
152483
152484
152485
152489
152492
152493
152498
152499
152500
152501
152502
152503
152504
152505
152506
152507
152508
152509
152510
152511
152516
152517
152518
152519
152520
152521
152525
152527
152532
152533
152535
152536
152537
152538
152539
152541
152549
152550
152551
152559
152560
152563
152565
152568
152573
152574
152576
152579
152583
152584
152585
152586
152587
152588
152591
152593
152594
152595
152596
152597
152599
152602
152604
152605
152606
152607
152608
152610
152611
152612
152613
152614
152615
152616
152619
152620
152625
152627
152629
152630
152631
152632
152634
152637
152638
152639
152640
152641
152648
152652
152653
152654
152655
152659
152662
152665
152669
152671
152685
152689
152692
152693
152694
152695
152696
152697
152698
152701
152702
152714
152715
152719
152720
152725
152726
152727
152729
152730
152732
152733
152737
152744
152745
152748
152750
152751
152752
152755
152757
152762
152770
152771
152772
152773
152775
152776
152784
152788
152794
152796
152797
152798
152799
152800
152801
152803
152805
152806
152807
152808
152809
152810
152812
152814
152816
152817
152818
152834
152837
152838
152843
152850
152851
152852
152854
152855
152856
152857
152866
152867
152871
152872
152873
152874
152875
152882
152883
152884
152888
152891
152892
152893
152894
152895
152898
152902
152903
152904
152907
152912
152913
152914
152916
152921
152930
152934
152935
152936
152937
152938
152939
152941
152942
152943
152944
152945
152946
152947
152949
152950
152952
152954
152956
152959
152960
152961
152963
152965
152966
152967
152968
152969
152970
152972
152973
152974
152975
152977
152979
152980
152981
152982
152984
152985
152991
152992
152993
152996
152997
152998
153001
153002
153003
153004
153005
153007
153009
153010
153013
153014
153016
153019
153022
153023
153025
153027
153033
153034
153035
153036
153037
153038
153040
153043
153044
153048
153051
153058
153059
153060
153061
153062
153066
153067
153068
153069
153070
153071
153072
153074
153075
153076
153077
153078
153079
153080
153081
153082
153083
153084
153087
153088
153089
153090
153091
153093
153094
153095
153096
153097
153100
153101
153102
153103
153105
153106
153107
153108
153109
153110
153111
153112
153113
153117
153118
153119
153120
153121
153122
153123
153127
153128
153129
153135
153137
153143
153144
153145
153147
153148
153149
153150
153151
153154
153155
153156
153157
153158
153159
153160
153161
153162
153163
153164
153165
153166
153167
153169
153170
153172
153173
153174
153175
153178
153179
153180
153181
153182
153183
153189
153194
153196
153197
153198
153199
153201
153202
153203
153204
153205
153206
153207
153210
153211
153212
153215
153216
153217
153218
153219
153220
153221
153222
153223
153224
153236
153237
153238
153239
153240
153241
153242
153243
153244
153245
153246
153247
153248
153249
153250
153252
153253
153255
153257
153262
153263
153265
153266
153270
153271
153272
153273
153277
153279
153281
153282
153283
153284
153289
153290
153291
153292
153293
153294
153295
153296
153297
153298
153299
153307
153308
153309
153310
153311
153312
153313
153319
153327
153329
153330
153331
153335
153338
153340
153341
153342
153343
153347
153350
153351
153354
153355
153366
153368
153371
153379
153384
153385
153389
153390
153392
153394
153396
153397
153402
153405
153411
153419
153420
153432
153433
153434
153435
153436
153437
153438
153440
153441
153442
153443
153444
153446
153447
153448
153449
153450
153456
153463
153468
153469
153470
153475
153477
153500
153502
153503
153504
153506
153508
153509
153512
153513
153514
153517
153519
153520
153524
153525
153526
153527
153528
153536
153538
153539
153540
153541
153542
153543
153544
153545
153546
153547
153548
153549
153550
153551
153555
153557
153563
153564
153566
153568
153569
153571
153572
153575
153579
153580
153581
153582
153583
153584
153585
153586
153587
153588
153589
153590
153591
153592
153593
153594
153595
153596
153599
153602
153603
153604
153605
153608
153609
153610
153611
153612
153613
153614
153615
153616
153618
153619
153623
153624
153627
153628
153634
153640
153642
153643
153659
153661
153662
153668
153669
153670
153671
153672
153673
153674
153678
153679
153682
153684
153685
153686
153688
153689
153692
153694
153714
153715
153716
153717
153718
153719
153720
153721
153722
153723
153724
153725
153727
153729
153735
153736
153738
153744
153748
153766
153767
153768
153776
153780
153781
153783
153784
153785
153786
153788
153794
153795
153796
153801
153802
153803
153804
153805
153806
153807
153808
153814
153815
153816
153817
153823
153824
153825
153826
153827
153828
153829
153830
153831
153836
153842
153847
153848
153852
153853
153856
153858
153859
153860
153861
153865
153866
153867
153868
153869
153870
153873
153876
153877
153878
153879
153880
153881
153882
153883
153884
153890
153891
153892
153893
153894
153895
153896
153897
153898
153900
153903
153904
153905
153907
153911
153912
153913
153914
153915
153916
153917
153919
153920
153923
153924
153925
153928
153929
153936
153937
153938
153939
153940
153941
153942
153944
153948
153952
153960
153975
153983
153987
153989
153991
153994
153996
153997
153998
153999
154000
154002
154003
154005
154007
154008
154010
154011
154014
154018
154019
154024
154025
154026
154028
154029
154030
154046
154047
154049
154050
154056
154057
154058
154059
154060
154061
154062
154063
154065
154066
154071
154072
154073
154074
154077
154078
154079
154082
154083
154084
154085
154086
154092
154093
154094
154095
154096
154109
154110
154113
154115
154128
154129
154130
154138
154139
154140
154141
154142
154143
154144
154145
154151
154152
154153
154154
154157
154159
154161
154162
154165
154166
154168
154170
154171
154180
154181
154184
154188
154191
154192
154193
154199
154201
154202
154203
154204
154206
154207
154208
154209
154210
154211
154212
154213
154215
154216
154218
154219
154220
154221
154222
154223
154224
154226
154227
154228
154229
154230
154231
154234
154235
154239
154240
154245
154249
154252
154253
154254
154257
154258
154259
154260
154261
154266
154268
154269
154271
154272
154273
154274
154276
154277
154279
154280
154281
154282
154283
154284
154285
154286
154288
154289
154290
154291
154292
154293
154294
154295
154296
154297
154298
154299
154300
154301
154305
154309
154310
154311
154312
154313
154315
154317
154328
154329
154332
154333
154334
154335
154336
154337
154339
154340
154342
154349
154350
154351
154352
154353
154355
154356
154357
154358
154359
154360
154361
154362
154363
154366
154368
154369
154370
154371
154372
154373
154375
154376
154377
154378
154379
154380
154381
154382
154383
154387
154390
154394
154396
154397
154398
154400
154402
154405
154407
154408
154409
154410
154411
154421
154422
154424
154427
154428
154429
154431
154432
154433
154436
154441
154442
154445
154449
154450
154451
154452
154460
154461
154467
154474
154477
154478
154479
154480
154481
154482
154483
154484
154485
154486
154487
154490
154493
154496
154497
154498
154499
154500
154502
154503
154505
154509
154510
154511
154513
154514
154516
154517
154518
154519
154520
154526
154527
154528
154530
154533
154534
154535
154536
154537
154538
154542
154543
154544
154547
154548
154549
154550
154551
154557
154558
154559
154560
154561
154562
154563
154564
154565
154566
154567
154568
154569
154570
154571
154572
154573
154574
154575
154581
154582
154583
154584
154585
154586
154588
154594
154595
154596
154597
154598
154600
154602
154603
154604
154606
154608
154609
154610
154611
154612
154615
154617
154618
154622
154623
154624
154625
154641
154642
154645
154646
154649
154651
154652
154653
154654
154656
154657
154658
154659
154661
154662
154663
154664
154665
154666
154667
154668
154669
154671
154675
154676
154677
154679
154680
154681
154682
154683
154684
154685
154687
154689
154690
154691
154693
154694
154695
154698
154699
154700
154704
154705
154706
154707
154708
154709
154710
154712
154714
154715
154716
154717
154718
154719
154720
154721
154722
154724
154725
154726
154727
154728
154729
154730
154731
154732
154733
154734
154735
154738
154743
154744
154748
154749
154750
154751
154752
154758
154763
154764
154766
154767
154769
154770
154771
154772
154774
154775
154776
154779
154780
154782
154784
154790
154791
154792
154793
154794
154795
154797
154798
154808
154813
154816
154817
154819
154820
154823
154824
154827
154829
154830
154831
154835
154836
154837
154845
154852
154853
154856
154857
154858
154859
154860
154861
154862
154863
154864
154865
154866
154867
154868
154869
154870
154871
154872
154873
154874
154875
154877
154879
154882
154888
154889
154890
154891
154892
154893
154894
154900
154901
154902
154903
154904
154905
154906
154907
154908
154909
154910
154917
154918
154919
154921
154925
154926
154927
154928
154929
154930
154931
154933
154934
154935
154936
154938
154940
154948
154951
154957
154958
154959
154960
154964
154970
154973
154975
154980
154981
154984
154985
154986
154988
154989
154991
154992
154993
154994
154995
154996
154997
154998
155000
155002
155004
155007
155012
155013
155018
155019
155020
155021
155024
155027
155030
155031
155034
155056
155063
155064
155066
155069
155071
155072
155073
155078
155085
155088
155090
155091
155095
155096
155097
155098
155099
155100
155101
155103
155104
155105
155106
155107
155108
155110
155111
155112
155116
155124
155125
155126
155127
155128
155129
155131
155132
155133
155134
155135
155136
155137
155138
155139
155140
155141
155142
155143
155144
155146
155150
155151
155152
155153
155155
155156
155157
155159
155160
155161
155162
155163
155164
155165
155166
155167
155173
155174
155175
155177
155178
155180
155183
155186
155187
155188
155189
155190
155191
155192
155197
155198
155203
155204
155208
155210
155212
155213
155214
155215
155216
155217
155218
155219
155224
155225
155226
155228
155231
155232
155233
155234
155236
155237
155238
155239
155241
155242
155243
155246
155248
155250
155251
155259
155260
155261
155270
155272
155275
155278
155279
155280
155281
155282
155283
155284
155285
155287
155288
155289
155290
155292
155293
155294
155295
155296
155297
155298
155299
155300
155301
155335
155339
155340
155341
155342
155343
155344
155347
155349
155350
155351
155352
155353
155354
155355
155356
155357
155361
155368
155370
155371
155374
155382
155383
155384
155385
155386
155390
155392
155393
155394
155395
155396
155398
155400
155403
155404
155405
155408
155413
155414
155415
155416
155417
155421
155422
155423
155424
155425
155426
155427
155428
155429
155430
155431
155434
155435
155436
155437
155438
155439
155440
155441
155442
155443
155444
155445
155446
155447
155448
155449
155450
155451
155452
155453
155455
155456
155457
155458
155459
155460
155461
155462
155463
155464
155465
155466
155467
155468
155470
155471
155474
155475
155478
155479
155480
155482
155484
155485
155486
155487
155488
155490
155491
155494
155498
155501
155505
155507
155508
155509
155510
155511
155512
155513
155518
155520
155521
155531
155532
155533
155534
155538
155542
155543
155547
155548
155549
155550
155551
155552
155554
155555
155556
155558
155559
155560
155562
155567
155569
155571
155572
155573
155574
155576
155578
155579
155580
155581
155582
155583
155584
155585
155586
155591
155592
155593
155594
155595
155596
155597
155599
155600
155601
155602
155603
155604
155610
155611
155618
155627
155628
155630
155632
155633
155635
155636
155637
155638
155639
155640
155643
155644
155653
155654
155655
155658
155660
155661
155662
155664
155665
155666
155667
155668
155669
155670
155671
155672
155674
155675
155676
155677
155678
155679
155680
155683
155686
155689
155691
155693
155694
155696
155697
155698
155699
155702
155703
155705
155706
155707
155708
155709
155710
155712
155713
155714
155715
155717
155721
155722
155724
155725
155726
155727
155728
155729
155731
155732
155733
155741
155742
155743
155745
155751
155752
155753
155754
155755
155756
155757
155758
155760
155761
155765
155768
155769
155770
155774
155776
155778
155779
155780
155781
155782
155785
155786
155787
155788
155789
155790
155792
155794
155795
155796
155808
155817
155820
155821
155830
155840
155844
155845
155846
155847
155848
155849
155850
155851
155855
155861
155864
155866
155867
155868
155869
155870
155872
155873
155874
155875
155876
155877
155878
155879
155880
155882
155883
155885
155886
155887
155888
155889
155891
155892
155893
155894
155895
155896
155898
155899
155900
155905
155914
155915
155916
155917
155919
155920
155921
155922
155923
155924
155926
155927
155929
155931
155932
155934
155935
155936
155939
155942
155944
155945
155946
155947
155948
155950
155953
155955
155956
155957
155958
155959
155960
155961
155962
155965
155966
155967
155968
155970
155972
155973
155974
155975
155976
155977
155980
155983
155985
155986
155989
155990
155991
155992
156019
156022
156030
156031
156033
156034
156035
156036
156037
156038
156041
156042
156043
156044
156045
156046
156047
156048
156049
156051
156052
156054
156066
156068
156069
156070
156071
156072
156114
156115
156116
156117
156118
156119
156120
156121
156122
156124
156126
156127
156128
156129
156130
156132
156133
156134
156135
156136
156137
156151
156152
156154
156155
156156
156157
156159
156160
156163
156164
156165
156166
156167
156168
156169
156170
156171
156172
156173
156174
156175
156177
156178
156179
156180
156181
156186
156188
156190
156192
156193
156194
156195
156196
156198
156205
156207
156209
156212
156214
156215
156224
156225
156226
156228
156229
156230
156231
156232
156234
156247
156252
156254
156265
156266
156267
156268
156269
156270
156271
156272
156273
156274
156275
156276
156277
156278
156279
156280
156281
156282
156283
156285
156286
156287
156288
156289
156301
156303
156316
156322
156324
156325
156327
156328
156344
156345
156347
156348
156349
156350
156353
156360
156361
156362
156363
156364
156372
156374
156377
156378
156380
156397
156398
156399
156400
156401
156402
156403
156404
156405
156406
156407
156408
156409
156410
156411
156412
156413
156414
156416
156417
156423
156424
156425
156426
156430
156431
156432
156433
156434
156435
156436
156437
156438
156439
156440
156443
156444
156445
156449
156450
156451
156452
156453
156454
156455
156456
156457
156458
156460
156472
156473
156474
156475
156477
156478
156479
156481
156482
156483
156484
156485
156486
156487
156488
156489
156490
156493
156494
156495
156496
156497
156499
156500
156503
156504
156505
156506
156507
156508
156511
156512
156514
156516
156518
156519
156520
156521
156523
156531
156532
156533
156542
156544
156550
156553
156554
156557
156558
156559
156560
156563
156564
156569
156573
156574
156576
156580
156582
156583
156584
156590
156592
156593
156594
156598
156599
156600
156601
156602
156603
156604
156607
156608
156609
156610
156611
156612
156613
156614
156615
156616
156617
156618
156624
156626
156628
156629
156630
156633
156634
156636
156637
156638
156639
156641
156642
156644
156645
156646
156647
156649
156650
156651
156652
156653
156656
156657
156658
156659
156660
156661
156662
156663
156664
156665
156666
156667
156668
156669
156693
156711
156712
156713
156714
156715
156716
156717
156718
156719
156720
156721
156722
156724
156726
156731
156734
156735
156739
156740
156741
156742
156743
156744
156745
156746
156747
156748
156749
156751
156752
156754
156762
156776
156779
156780
156787
156789
156790
156807
156808
156810
156811
156812
156813
156814
156816
156817
156818
156819
156823
156826
156827
156830
156852
156853
156855
156856
156857
156858
156860
156861
156867
156868
156869
156871
156874
156877
156883
156890
156894
156895
156897
156900
156901
156902
156903
156904
156906
156908
156910
156911
156913
156914
156915
156916
156917
156924
156926
156934
156935
156936
156938
156939
156940
156941
156967
156980
156993
157050
157055
157057
157059
157060
157061
157063
157064
157065
157066
157068
157069
157070
157073
157075
157079
157081
157084
157085
157087
157102
157104
157105
157111
157112
157113
157124
157125
157126
157128
157132
157136
157138
157139
157142
157145
157146
157147
157152
157154
157156
157157
157158
157160
157161
157162
157163
157164
157166
157167
157168
157169
157170
157174
157178
157179
157180
157182
157183
157185
157186
157187
157188
157190
157191
157192
157194
157199
157200
157208
157209
157211
157215
157216
157217
157218
157219
157220
157233
157242
157245
157247
157253
157254
157255
157256
157259
157261
157265
157266
157267
157269
157271
157273
157275
157276
157277
157278
157280
157283
157284
157288
157289
157290
157291
157292
157296
157297
157299
157301
157305
157309
157310
157312
157313
157314
157316
157319
157320
157329
157332
157333
157334
157335
157336
157337
157338
157339
157340
157341
157342
157343
157344
157345
157346
157352
157357
157360
157362
157367
157369
157370
157372
157373
157374
157375
157376
157377
157378
157379
157381
157387
157390
157391
157393
157394
157395
157396
157398
157400
157401
157403
157404
157405
157408
157410
157412
157414
157415
157416
157420
157421
157423
157441
157443
157454
157456
157457
157462
157484
157485
157486
157487
157488
157489
157490
157491
157492
157493
157495
157496
157499
157500
157501
157502
157503
157504
157505
157506
157508
157509
157511
157512
157513
157517
157521
157522
157523
157525
157526
157529
157530
157531
157532
157533
157534
157535
157536
157540
157544
157545
157546
157547
157548
157549
157550
157558
157560
157565
157566
157572
157573
157574
157575
157576
157577
157578
157579
157580
157581
157582
157583
157584
157585
157587
157589
157590
157592
157593
157594
157595
157596
157597
157598
157600
157604
157605
157606
157607
157611
157617
157618
157619
157622
157624
157626
157627
157630
157633
157634
157635
157636
157637
157639
157640
157641
157642
157644
157645
157646
157647
157649
157651
157652
157656
157657
157658
157659
157660
157661
157662
157671
157674
157676
157677
157678
157680
157681
157682
157683
157686
157687
157688
157694
157695
157696
157697
157698
157699
157701
157702
157703
157704
157705
157706
157709
157712
157713
157715
157718
157732
157733
157734
157735
157736
157737
157738
157739
157740
157741
157742
157743
157747
157749
157750
157751
157753
157754
157755
157757
157758
157760
157761
157766
157767
157768
157770
157771
157772
157773
157774
157775
157776
157777
157778
157779
157780
157781
157782
157783
157784
157785
157786
157787
157788
157789
157790
157791
157792
157793
157799
157803
157805
157807
157808
157812
157815
157817
157821
157823
157824
157825
157826
157827
157828
157829
157830
157831
157832
157833
157834
157835
157841
157842
157848
157849
157850
157851
157852
157853
157855
157856
157857
157858
157859
157860
157861
157862
157863
157864
157865
157866
157868
157869
157870
157871
157872
157873
157874
157875
157876
157877
157878
157880
157881
157882
157884
157888
157889
157890
157893
157912
157925
157926
157927
157928
157929
157930
157931
157932
157933
157934
157935
157936
157937
157938
157939
157940
157941
157942
157943
157944
157945
157946
157948
157949
157950
157951
157952
157953
157954
157955
157956
157958
157959
157961
157962
157966
157967
157968
157969
157970
157971
157973
157982
157983
157984
157985
157986
157987
157988
157989
157990
157991
157992
157996
157997
157998
157999
158000
158001
158002
158003
158004
158005
158007
158009
158011
158012
158013
158020
158021
158025
158026
158027
158029
158030
158031
158032
158033
158034
158035
158037
158038
158039
158040
158042
158043
158044
158045
158046
158047
158048
158049
158050
158051
158053
158055
158056
158057
158058
158059
158060
158061
158062
158064
158065
158066
158069
158106
158107
158108
158109
158110
158111
158112
158113
158114
158115
158116
158117
158119
158120
158122
158129
158133
158135
158190
158193
158194
158201
158215
158220
158221
158223
158224
158225
158228
158229
158259
158261
158301
158302
158303
158304
158305
158306
158307
158308
158309
158310
158311
158313
158314
158315
158316
158318
158319
158321
158323
158324
158325
158326
158328
158331
158332
158333
158335
158337
158338
158339
158341
158346
158352
158353
158357
158365
158374
158375
158376
158377
158378
158379
158381
158382
158383
158384
158386
158387
158388
158389
158390
158392
158393
158394
158395
158396
158399
158400
158404
158405
158406
158407
158408
158409
158410
158419
158420
158424
158431
158432
158433
158434
158435
158436
158437
158438
158439
158440
158441
158442
158444
158445
158446
158447
158448
158449
158450
158451
158452
158453
158454
158455
158456
158457
158458
158459
158460
158461
158462
158463
158464
158466
158467
158468
158469
158470
158471
158473
158474
158475
158476
158477
158482
158483
158484
158488
158491
158497
158499
158500
158501
158503
158504
158505
158506
158507
158508
158509
158510
158511
158531
158532
158533
158534
158536
158537
158538
158543
158544
158545
158546
158547
158548
158552
158553
158556
158557
158558
158560
158572
158576
158577
158578
158580
158581
158582
158583
158586
158587
158589
158590
158591
158592
158593
158594
158598
158599
158600
158601
158602
158603
158604
158605
158606
158607
158608
158612
158613
158614
158616
158617
158618
158626
158628
158629
158630
158636
158645
158646
158650
158651
158652
158653
158654
158655
158656
158657
158659
158664
158668
158672
158673
158674
158675
158678
158679
158680
158682
158684
158693
158703
158705
158706
158708
158711
158715
158716
158717
158718
158719
158720
158733
158734
158736
158741
158742
158750
158753
158758
158759
158760
158761
158762
158763
158765
158766
158767
158771
158772
158774
158775
158780
158784
158789
158790
158792
158794
158811
158812
158813
158814
158815
158816
158817
158818
158819
158820
158821
158831
158832
158835
158839
158845
158847
158852
158856
158858
158862
158864
158865
158866
158867
158868
158880
158881
158884
158888
158889
158891
158892
158893
158894
158899
158900
158901
158902
158903
158904
158905
158906
158910
158911
158912
158916
158918
158919
158920
158921
158922
158924
158933
158934
158935
158938
158940
158941
158942
158943
158946
158947
158948
158949
158950
158951
158952
158953
158954
158957
158958
158959
158960
158961
158963
158964
158965
158966
158967
158968
158969
158970
158972
158973
158977
158978
158979
158981
158982
158984
158985
158986
158989
158992
158993
158994
158995
158996
158998
158999
159000
159001
159002
159003
159004
159005
159006
159007
159008
159009
159010
159011
159020
159022
159025
159028
159030
159031
159032
159033
159034
159035
159036
159037
159038
159041
159053
159055
159058
159059
159060
159062
159064
159068
159069
159070
159071
159072
159073
159075
159078
159079
159080
159081
159082
159083
159084
159085
159087
159089
159090
159091
159092
159093
159094
159095
159096
159098
159099
159100
159104
159106
159108
159111
159112
159113
159114
159115
159116
159117
159118
159119
159120
159121
159122
159123
159124
159125
159126
159127
159128
159129
159130
159131
159132
159133
159134
159135
159136
159137
159138
159139
159142
159143
159144
159145
159146
159147
159148
159149
159150
159151
159152
159153
159154
159156
159157
159158
159159
159160
159162
159163
159164
159165
159171
159172
159173
159174
159185
159186
159191
159193
159197
159198
159212
159225
159226
159227
159228
159229
159232
159233
159234
159235
159236
159237
159238
159239
159240
159241
159242
159243
159244
159245
159246
159248
159249
159250
159251
159253
159254
159255
159257
159259
159263
159264
159265
159267
159270
159272
159274
159275
159276
159277
159278
159288
159291
159292
159293
159294
159295
159296
159298
159299
159301
159302
159303
159304
159305
159306
159308
159311
159312
159324
159334
159335
159341
159347
159352
159357
159359
159360
159361
159364
159370
159371
159373
159375
159377
159378
159379
159380
159382
159383
159384
159385
159386
159387
159388
159392
159393
159394
159395
159396
159397
159398
159399
159401
159402
159403
159404
159405
159407
159408
159409
159410
159411
159412
159418
159419
159420
159424
159425
159426
159427
159428
159430
159431
159432
159433
159434
159435
159436
159437
159438
159439
159440
159441
159442
159443
159444
159445
159446
159447
159448
159449
159450
159451
159458
159459
159461
159463
159464
159466
159467
159468
159470
159471
159472
159473
159474
159475
159476
159480
159482
159488
159489
159491
159492
159493
159495
159496
159498
159499
159500
159501
159503
159508
159509
159510
159513
159514
159515
159516
159517
159518
159519
159520
159521
159522
159523
159524
159534
159535
159536
159538
159539
159540
159547
159548
159549
159550
159552
159553
159554
159555
159556
159557
159558
159561
159562
159572
159574
159575
159576
159577
159578
159580
159583
159584
159586
159588
159589
159591
159592
159593
159594
159595
159597
159598
159600
159601
159602
159603
159604
159605
159606
159613
159623
159624
159627
159628
159629
159630
159631
159632
159633
159634
159635
159636
159637
159638
159639
159640
159641
159642
159643
159644
159645
159646
159647
159648
159649
159650
159651
159652
159653
159654
159655
159656
159657
159658
159660
159662
159663
159664
159673
159674
159676
159678
159679
159682
159683
159684
159685
159686
159689
159691
159693
159696
159697
159698
159699
159705
159706
159707
159709
159710
159711
159712
159713
159714
159715
159716
159717
159718
159719
159720
159721
159722
159723
159724
159725
159729
159732
159733
159734
159735
159736
159737
159738
159739
159740
159747
159748
159749
159750
159754
159758
159759
159760
159761
159762
159763
159764
159765
159766
159767
159768
159769
159770
159771
159772
159773
159774
159775
159776
159782
159784
159785
159786
159789
159791
159793
159794
159797
159798
159799
159802
159809
159810
159811
159818
159821
159822
159823
159824
159825
159826
159828
159832
159836
159837
159840
159841
159843
159850
159851
159852
159853
159854
159855
159856
159857
159858
159866
159867
159868
159870
159885
159887
159888
159890
159891
159892
159893
159894
159895
159896
159897
159898
159899
159900
159901
159903
159905
159908
159909
159910
159912
159913
159914
159915
159916
159917
159918
159919
159920
159921
159923
159924
159925
159927
159929
159930
159931
159932
159933
159934
159935
159939
159940
159941
159942
159943
159944
159945
159946
159948
159949
159950
159951
159952
159953
159962
159964
159967
159968
159969
159970
159971
159972
159973
159974
159975
159976
159977
159978
159979
159980
159982
159983
159986
159987
159990
159995
159999
160001
160005
160008
160010
160013
160027
160029
160030
160031
160032
160033
160034
160035
160036
160037
160044
160045
160046
160047
160048
160049
160050
160051
160052
160053
160067
160070
160080
160093
160096
160104
160106
160107
160121
160125
160126
160137
160138
160140
160142
160143
160144
160149
160150
160151
160152
160153
160154
160159
160161
160162
160165
160166
160167
160168
160170
160171
160172
160174
160176
160177
160178
160179
160180
160182
160184
160185
160186
160187
160193
160195
160197
160198
160199
160200
160201
160202
160203
160204
160213
160216
160218
160219
160220
160221
160226
160227
160228
160229
160230
160231
160232
160234
160235
160244
160245
160249
160255
160256
160257
160268
160269
160270
160271
160272
160273
160274
160277
160278
160279
160283
160284
160285
160286
160287
160288
160289
160291
160292
160294
160298
160303
160309
160310
160311
160312
160313
160315
160316
160317
160319
160332
160333
160335
160349
160350
160359
160361
160362
160363
160364
160365
160366
160367
160368
160369
160370
160371
160372
160373
160374
160375
160376
160377
160378
160380
160383
160384
160386
160387
160388
160398
160399
160401
160406
160416
160417
160423
160424
160428
160432
160433
160434
160435
160437
160438
160439
160440
160441
160444
160445
160446
160453
160454
160455
160457
160458
160459
160460
160463
160464
160465
160466
160477
160478
160479
160483
160484
160485
160486
160487
160490
160491
160493
160494
160495
160496
160500
160502
160506
160507
160513
160516
160517
160520
160524
160531
160532
160533
160534
160535
160538
160539
160541
160542
160543
160544
160546
160549
160550
160551
160552
160553
160554
160555
160556
160557
160558
160559
160560
160561
160562
160563
160564
160566
160567
160572
160573
160574
160575
160576
160580
160581
160587
160590
160591
160592
160593
160594
160595
160596
160597
160599
160600
160603
160604
160605
160610
160612
160613
160615
160619
160620
160624
160625
160626
160627
160628
160629
160631
160632
160633
160634
160635
160636
160637
160638
160639
160640
160641
160642
160643
160644
160645
160646
160647
160648
160649
160650
160651
160652
160653
160654
160655
160656
160657
160658
160659
160660
160661
160662
160663
160664
160665
160667
160668
160669
160672
160674
160675
160676
160678
160680
160681
160682
160683
160684
160686
160687
160688
160690
160693
160694
160695
160696
160698
160699
160700
160706
160708
160710
160713
160714
160715
160716
160717
160718
160720
160721
160722
160723
160724
160725
160726
160727
160729
160730
160731
160732
160733
160734
160740
160746
160748
160749
160750
160751
160753
160754
160755
160756
160757
160758
160760
160761
160764
160766
160769
160770
160774
160775
160776
160778
160779
160780
160781
160782
160783
160784
160785
160786
160787
160788
160790
160791
160792
160793
160794
160795
160796
160798
160799
160800
160801
160804
160805
160806
160807
160808
160818
160819
160820
160821
160822
160823
160824
160825
160826
160828
160832
160833
160834
160835
160840
160841
160843
160844
160845
160846
160849
160852
160863
160864
160866
160867
160868
160869
160870
160872
160874
160877
160878
160879
160880
160887
160888
160890
160894
160896
160897
160898
160899
160901
160903
160904
160905
160906
160907
160909
160911
160912
160913
160914
160916
160917
160918
160919
160920
160923
160924
160933
160936
160943
160945
160946
160950
160952
160953
160954
160955
160957
160958
160959
160960
160961
160964
160965
160967
160968
160969
160970
160971
160972
160973
160974
160975
160976
160980
160981
160988
160989
160991
160992
160993
160995
160998
161002
161003
161004
161005
161006
161007
161008
161010
161011
161012
161013
161014
161015
161016
161017
161021
161023
161024
161025
161026
161029
161030
161031
161032
161033
161034
161036
161037
161038
161039
161040
161041
161042
161043
161044
161045
161046
161047
161048
161049
161050
161052
161053
161054
161055
161058
161060
161061
161062
161064
161065
161066
161067
161068
161069
161070
161071
161072
161073
161074
161075
161076
161077
161078
161079
161080
161081
161085
161086
161087
161088
161089
161090
161091
161092
161093
161094
161095
161096
161097
161098
161104
161107
161110
161111
161112
161113
161114
161115
161116
161117
161118
161119
161120
161121
161122
161123
161124
161125
161126
161127
161128
161129
161133
161136
161137
161138
161147
161149
161153
161154
161155
161156
161157
161159
161160
161164
161165
161167
161168
161169
161171
161173
161174
161175
161176
161177
161178
161179
161181
161182
161183
161184
161185
161187
161189
161190
161195
161196
161198
161199
161200
161201
161202
161204
161206
161208
161209
161210
161211
161212
161213
161214
161215
161216
161218
161224
161225
161228
161229
161230
161231
161232
161233
161234
161235
161236
161237
161238
161239
161240
161241
161242
161243
161244
161245
161246
161247
161248
161249
161251
161253
161254
161255
161256
161257
161258
161259
161260
161263
161264
161265
161266
161267
161268
161269
161270
161271
161277
161278
161279
161280
161281
161284
161285
161286
161287
161288
161289
161290
161291
161293
161294
161296
161297
161298
161300
161303
161304
161305
161306
161307
161309
161310
161313
161318
161322
161323
161324
161327
161332
161333
161335
161336
161337
161338
161339
161340
161342
161343
161344
161345
161346
161347
161348
161349
161350
161351
161352
161353
161354
161355
161356
161357
161358
161359
161360
161361
161362
161366
161367
161368
161371
161374
161375
161376
161377
161378
161379
161380
161381
161382
161383
161385
161387
161388
161389
161391
161392
161393
161394
161395
161396
161397
161398
161399
161400
161401
161402
161403
161405
161406
161407
161408
161409
161411
161412
161413
161414
161415
161416
161417
161418
161419
161420
161421
161422
161423
161424
161425
161426
161428
161433
161434
161437
161438
161439
161443
161444
161446
161447
161448
161449
161452
161453
161454
161455
161457
161458
161459
161460
161461
161462
161463
161464
161465
161466
161467
161469
161470
161471
161472
161473
161475
161477
161478
161480
161481
161482
161483
161484
161485
161486
161487
161488
161489
161490
161491
161492
161493
161495
161496
161497
161498
161499
161500
161501
161503
161507
161508
161510
161513
161514
161515
161516
161517
161518
161519
161520
161521
161522
161523
161524
161525
161526
161527
161528
161529
161530
161531
161532
161533
161534
161535
161536
161537
161538
161539
161540
161541
161542
161543
161544
161550
161551
161552
161555
161556
161558
161559
161560
161561
161563
161564
161565
161567
161568
161569
161570
161571
161572
161573
161574
161575
161576
161579
161580
161582
161583
161590
161592
161594
161595
161597
161598
161599
161600
161601
161602
161603
161604
161606
161607
161611
161612
161613
161614
161617
161618
161619
161620
161622
161625
161627
161628
161630
161631
161633
161638
161640
161641
161642
161644
161646
161648
161650
161651
161652
161653
161656
161658
161659
161660
161676
161679
161681
161682
161683
161684
161685
161687
161690
161692
161693
161694
161695
161696
161697
161698
161699
161700
161701
161702
161703
161704
161705
161706
161707
161708
161709
161710
161711
161712
161713
161714
161715
161716
161717
161718
161719
161722
161723
161724
161725
161726
161727
161728
161729
161730
161731
161732
161735
161741
161742
161743
161744
161745
161746
161748
161749
161750
161752
161753
161754
161755
161756
161757
161758
161759
161760
161761
161762
161764
161765
161766
161768
161769
161770
161771
161772
161774
161775
161776
161778
161780
161781
161782
161783
161784
161785
161786
161787
161788
161789
161791
161792
161793
161794
161795
161796
161797
161798
161800
161801
161803
161804
161805
161808
161810
161811
161812
161813
161815
161817
161818
161819
161820
161821
161822
161823
161824
161825
161826
161827
161828
161829
161830
161831
161832
161833
161834
161835
161836
161838
161839
161841
161842
161843
161844
161845
161846
161847
161848
161849
161850
161852
161853
161854
161855
161856
161857
161858
161859
161860
161861
161862
161863
161864
161865
161866
161867
161868
161870
161872
161873
161874
161876
161877
161878
161880
161881
161882
161883
161884
161885
161887
161888
161889
161890
161891
161892
161895
161896
161898
161899
161901
161903
161904
161905
161907
161908
161910
161912
161915
161916
161917
161920
161921
161922
161924
161925
161926
161928
161929
161930
161931
161933
161934
161935
161936
161939
161940
161942
161944
161945
161947
161948
161950
161951
161952
161953
161954
161955
161956
161957
161959
161960
161965
161968
161969
161971
161972
161973
161975
161978
161979
161987
161991
161993
161997
161998
161999
162007
162009
162011
162012
162013
162014
162015
162016
162017
162018
162020
162021
162024
162025
162026
162027
162028
162029
162030
162031
162032
162034
162035
162036
162037
162038
162039
162040
162045
162046
162047
162048
162049
162050
162053
162054
162055
162059
162060
162061
162064
162068
162070
162072
162073
162074
162075
162076
162077
162078
162079
162080
162083
162084
162085
162087
162088
162089
162092
162093
162094
162095
162096
162097
162104
162107
162109
162110
162111
162112
162115
162119
162121
162123
162124
162126
162127
162128
162129
162130
162131
162132
162133
162134
162136
162137
162138
162139
162140
162141
162142
162143
162145
162148
162149
162150
162151
162157
162159
162160
162161
162163
162164
162178
162179
162180
162186
162188
162190
162195
162196
162197
162199
162200
162201
162202
162203
162204
162205
162206
162207
162208
162211
162215
162216
162217
162218
162219
162221
162222
162226
162227
162228
162232
162233
162234
162235
162236
162237
162238
162240
162241
162244
162246
162250
162251
162252
162253
162254
162256
162260
162261
162262
162266
162267
162268
162272
162273
162280
162281
162283
162286
162287
162288
162290
162292
162295
162300
162301
162303
162304
162306
162308
162309
162313
162318
162319
162320
162322
162323
162324
162325
162326
162328
162331
162335
162336
162337
162338
162339
162340
162341
162342
162343
162344
162347
162349
162350
162351
162353
162355
162356
162357
162359
162360
162361
162362
162363
162364
162365
162366
162367
162368
162369
162372
162373
162374
162375
162376
162377
162378
162379
162382
162383
162384
162385
162386
162387
162390
162392
162393
162400
162401
162402
162403
162407
162408
162409
162410
162411
162412
162413
162414
162415
162419
162424
162426
162427
162432
162439
162441
162442
162443
162444
162445
162446
162447
162448
162449
162450
162451
162452
162453
162454
162455
162456
162457
162458
162459
162460
162461
162462
162463
162464
162465
162466
162467
162468
162469
162470
162471
162472
162473
162474
162476
162477
162483
162484
162485
162486
162487
162488
162489
162490
162493
162494
162495
162505
162506
162507
162508
162509
162513
162516
162517
162518
162519
162520
162521
162522
162523
162527
162528
162531
162532
162533
162534
162535
162536
162537
162538
162539
162540
162541
162542
162545
162552
162556
162557
162558
162559
162560
162562
162563
162564
162565
162566
162568
162570
162571
162575
162584
162586
162587
162590
162592
162593
162594
162595
162596
162597
162598
162599
162600
162601
162602
162603
162604
162605
162607
162608
162610
162611
162612
162614
162615
162617
162619
162620
162621
162622
162623
162625
162626
162629
162630
162631
162632
162633
162635
162636
162637
162638
162640
162644
162645
162646
162650
162662
162665
162671
162672
162673
162674
162675
162676
162677
162678
162679
162680
162681
162683
162684
162685
162686
162687
162688
162689
162695
162696
162697
162698
162700
162701
162702
162703
162704
162710
162711
162713
162714
162715
162721
162723
162724
162727
162731
162734
162735
162736
162740
162753
162764
162765
162766
162767
162770
162779
162781
162782
162784
162787
162788
162789
162790
162791
162792
162793
162794
162799
162801
162805
162806
162808
162809
162810
162812
162813
162814
162816
162817
162818
162819
162820
162822
162824
162826
162827
162828
162829
162830
162834
162837
162838
162839
162841
162843
162846
162848
162851
162852
162853
162856
162857
162858
162862
162863
162887
162891
162892
162894
162895
162897
162899
162900
162901
162902
162906
162910
162911
162914
162915
162916
162917
162918
162919
162920
162922
162935
162936
162941
162945
162946
162948
162951
162954
162955
162956
162957
162959
162961
162963
162972
162973
162974
162975
162976
162977
162978
162980
162988
162992
163000
163002
163004
163006
163007
163008
163009
163010
163011
163012
163013
163014
163015
163016
163017
163018
163019
163026
163027
163028
163029
163030
163031
163033
163034
163046
163047
163048
163051
163053
163056
163057
163059
163060
163061
163062
163063
163064
163065
163066
163068
163069
163070
163071
163073
163074
163075
163080
163081
163083
163084
163085
163086
163087
163089
163090
163091
163092
163094
163095
163096
163097
163098
163099
163100
163101
163102
163103
163104
163105
163108
163109
163110
163112
163113
163114
163115
163117
163118
163120
163121
163123
163124
163145
163148
163149
163150
163152
163153
163154
163156
163157
163158
163159
163161
163162
163164
163166
163172
163175
163176
163177
163179
163180
163184
163190
163191
163193
163194
163195
163196
163198
163199
163200
163201
163202
163206
163207
163208
163209
163216
163218
163222
163224
163225
163226
163231
163234
163235
163239
163240
163241
163242
163243
163244
163245
163246
163248
163249
163250
163251
163252
163253
163254
163255
163260
163261
163262
163264
163266
163267
163268
163269
163271
163272
163273
163277
163280
163282
163283
163284
163289
163290
163291
163295
163296
163297
163299
163301
163302
163303
163307
163311
163312
163313
163315
163317
163318
163321
163322
163325
163331
163332
163334
163335
163336
163337
163340
163341
163342
163343
163344
163345
163347
163348
163349
163352
163367
163368
163369
163371
163372
163373
163374
163375
163376
163377
163378
163379
163380
163381
163382
163383
163384
163397
163399
163400
163401
163402
163403
163404
163406
163408
163413
163414
163418
163419
163420
163421
163422
163423
163424
163425
163426
163427
163428
163429
163430
163431
163432
163433
163434
163435
163439
163440
163444
163445
163447
163448
163453
163455
163456
163457
163459
163460
163462
163464
163465
163466
163467
163469
163470
163471
163472
163474
163475
163476
163477
163478
163481
163482
163484
163485
163486
163488
163489
163490
163491
163493
163494
163495
163496
163497
163498
163500
163502
163503
163504
163505
163506
163509
163520
163522
163524
163535
163536
163537
163538
163539
163540
163541
163545
163546
163547
163548
163549
163550
163551
163552
163553
163554
163555
163556
163572
163574
163576
163577
163578
163584
163585
163586
163592
163593
163595
163596
163597
163613
163615
163618
163620
163622
163624
163625
163626
163627
163628
163629
163630
163635
163638
163640
163641
163642
163643
163644
163646
163647
163648
163649
163650
163654
163656
163657
163658
163659
163660
163661
163665
163666
163667
163668
163673
163674
163675
163676
163677
163678
163682
163683
163684
163685
163688
163689
163690
163691
163692
163698
163701
163702
163704
163716
163717
163719
163720
163721
163722
163728
163729
163731
163733
163735
163739
163742
163743
163744
163745
163746
163747
163748
163749
163750
163751
163754
163755
163756
163762
163763
163765
163773
163774
163775
163777
163778
163796
163798
163799
163800
163801
163802
163804
163808
163811
163813
163816
163820
163824
163826
163827
163830
163833
163837
163838
163839
163840
163842
163844
163845
163846
163847
163848
163849
163851
163861
163862
163863
163864
163865
163866
163871
163874
163875
163876
163878
163888
163896
163902
163903
163904
163905
163906
163907
163908
163909
163910
163911
163913
163914
163915
163916
163917
163918
163919
163920
163923
163926
163929
163930
163931
163932
163935
163941
163950
163951
163957
163959
163960
163968
163969
163973
163975
163976
163977
163978
163979
163980
163981
163982
163983
163984
163985
163986
163987
163988
163995
163997
163999
164000
164001
164003
164004
164005
164008
164009
164010
164015
164022
164024
164025
164026
164027
164028
164029
164030
164031
164032
164037
164038
164039
164040
164041
164042
164043
164044
164045
164046
164047
164048
164050
164051
164052
164060
164062
164070
164071
164076
164086
164088
164093
164094
164095
164096
164097
164098
164099
164100
164101
164102
164113
164114
164115
164118
164119
164120
164121
164122
164123
164124
164132
164133
164134
164135
164136
164137
164145
164146
164154
164155
164160
164163
164164
164165
164169
164170
164171
164183
164184
164185
164188
164195
164196
164198
164200
164203
164206
164207
164208
164209
164210
164211
164213
164215
164216
164217
164218
164219
164222
164223
164225
164227
164228
164229
164230
164231
164232
164233
164234
164235
164236
164237
164238
164242
164243
164245
164246
164247
164248
164254
164255
164256
164257
164258
164260
164261
164262
164263
164264
164265
164266
164267
164268
164269
164270
164271
164272
164273
164274
164275
164276
164277
164278
164279
164280
164281
164282
164288
164295
164301
164302
164303
164304
164305
164306
164307
164310
164311
164313
164315
164319
164321
164325
164326
164327
164328
164329
164330
164331
164332
164333
164334
164335
164336
164355
164356
164357
164362
164363
164364
164366
164367
164369
164370
164371
164372
164373
164374
164375
164376
164377
164378
164379
164380
164381
164382
164383
164385
164387
164388
164389
164391
164394
164395
164398
164400
164401
164402
164403
164404
164405
164406
164408
164410
164411
164413
164414
164415
164416
164417
164418
164419
164420
164421
164422
164423
164425
164426
164427
164428
164429
164430
164432
164433
164434
164436
164437
164438
164439
164442
164443
164444
164445
164446
164447
164448
164449
164450
164451
164452
164453
164454
164455
164456
164457
164458
164459
164460
164461
164462
164463
164465
164467
164469
164471
164472
164473
164474
164475
164476
164478
164481
164484
164485
164496
164497
164498
164503
164504
164505
164508
164512
164513
164514
164516
164517
164518
164519
164520
164521
164523
164528
164529
164530
164531
164539
164540
164542
164543
164544
164545
164547
164549
164550
164552
164554
164556
164560
164563
164564
164568
164569
164571
164572
164580
164581
164582
164583
164584
164586
164587
164588
164589
164590
164591
164592
164593
164594
164595
164596
164597
164598
164599
164600
164601
164602
164603
164605
164610
164611
164612
164613
164614
164617
164618
164620
164623
164626
164628
164629
164630
164631
164632
164633
164634
164635
164636
164638
164640
164648
164649
164650
164651
164653
164654
164656
164664
164667
164669
164670
164671
164672
164673
164676
164677
164678
164679
164680
164681
164682
164684
164685
164686
164687
164688
164689
164690
164691
164692
164693
164694
164695
164696
164697
164698
164699
164704
164705
164707
164708
164709
164710
164716
164717
164718
164719
164720
164721
164722
164723
164724
164725
164727
164728
164729
164730
164731
164732
164733
164734
164735
164744
164745
164746
164747
164748
164750
164751
164752
164753
164754
164755
164756
164761
164768
164770
164771
164772
164773
164779
164780
164781
164787
164790
164791
164795
164796
164798
164799
164800
164801
164802
164803
164804
164805
164806
164807
164808
164809
164810
164811
164812
164813
164816
164817
164822
164823
164824
164826
164827
164828
164829
164831
164834
164836
164838
164846
164848
164849
164850
164851
164852
164853
164857
164858
164859
164862
164863
164867
164869
164888
164895
164897
164898
164899
164901
164903
164904
164905
164906
164907
164908
164909
164910
164911
164912
164913
164914
164915
164916
164917
164918
164919
164920
164922
164923
164924
164925
164926
164930
164932
164938
164939
164944
164948
164950
164951
164952
164953
164961
164962
164963
164964
164965
164966
164967
164968
164969
164970
164971
164972
164973
164974
164975
164976
164977
164978
164979
164980
164981
164982
164983
164984
164985
164986
164987
164988
164989
164990
164991
164992
164996
164998
164999
165000
165001
165005
165006
165009
165010
165011
165012
165018
165022
165024
165027
165031
165032
165033
165034
165036
165037
165038
165039
165050
165051
165052
165053
165054
165057
165059
165062
165063
165065
165067
165068
165069
165071
165072
165073
165075
165076
165077
165078
165079
165080
165084
165085
165087
165088
165089
165090
165092
165093
165094
165096
165100
165103
165106
165108
165110
165114
165115
165117
165123
165124
165125
165126
165129
165130
165131
165132
165133
165134
165136
165138
165140
165142
165143
165144
165146
165148
165149
165150
165151
165152
165153
165156
165157
165162
165166
165168
165169
165176
165177
165182
165185
165197
165198
165199
165200
165201
165202
165203
165204
165205
165206
165207
165208
165209
165214
165222
165223
165224
165225
165228
165232
165233
165238
165239
165240
165241
165243
165244
165245
165246
165248
165250
165251
165252
165255
165257
165258
165261
165262
165263
165264
165265
165266
165267
165268
165270
165271
165272
165275
165276
165277
165278
165280
165283
165284
165287
165289
165292
165295
165297
165298
165299
165300
165301
165302
165303
165304
165306
165307
165311
165312
165313
165315
165316
165317
165323
165324
165325
165327
165328
165336
165341
165345
165346
165347
165350
165352
165354
165357
165358
165361
165362
165376
165378
165380
165381
165382
165383
165389
165390
165391
165392
165393
165394
165395
165396
165397
165399
165400
165403
165410
165412
165413
165414
165415
165416
165417
165422
165423
165424
165425
165427
165443
165448
165449
165450
165452
165453
165460
165462
165463
165464
165465
165466
165467
165480
165481
165483
165484
165485
165486
165488
165489
165490
165492
165493
165495
165496
165497
165498
165499
165500
165501
165502
165503
165504
165505
165506
165507
165508
165509
165510
165514
165515
165516
165517
165518
165532
165533
165535
165536
165537
165538
165539
165543
165544
165545
165548
165549
165556
165558
165560
165561
165562
165563
165564
165565
165567
165568
165569
165572
165573
165576
165578
165582
165597
165600
165601
165602
165603
165604
165605
165609
165610
165614
165615
165617
165618
165619
165620
165631
165635
165637
165638
165640
165643
165644
165646
165650
165651
165652
165653
165654
165655
165656
165657
165658
165662
165663
165664
165668
165669
165674
165675
165676
165683
165684
165685
165686
165687
165688
165689
165690
165691
165692
165693
165694
165695
165696
165697
165700
165701
165702
165703
165704
165705
165707
165708
165710
165712
165713
165714
165715
165716
165717
165718
165719
165720
165721
165727
165728
165729
165734
165736
165741
165742
165743
165745
165747
165748
165751
165753
165754
165755
165756
165757
165807
165808
165809
165823
165824
165825
165826
165829
165830
165833
165834
165836
165839
165840
165841
165852
165868
165869
165870
165871
165881
165891
165892
165895
165896
165897
165898
165899
165900
165901
165904
165905
165906
165932
165934
165944
165952
165954
165959
165979
165980
165982
165985
165987
165988
165989
165990
165991
165992
165994
165995
165997
165998
166004
166005
166008
166010
166015
166016
166018
166019
166020
166021
166022
166023
166024
166027
166028
166029
166030
166031
166033
166034
166042
166065
166070
166072
166073
166074
166075
166081
166084
166085
166086
166088
166090
166091
166092
166094
166095
166096
166097
166100
166102
166105
166106
166107
166108
166109
166113
166114
166115
166116
166117
166118
166119
166120
166121
166122
166123
166124
166126
166127
166128
166129
166130
166133
166134
166135
166136
166138
166140
166141
166142
166143
166144
166145
166146
166148
166150
166151
166154
166156
166159
166160
166161
166164
166165
166166
166167
166168
166172
166173
166175
166176
166177
166178
166179
166181
166182
166183
166184
166185
166186
166188
166190
166192
166198
166199
166200
166201
166202
166205
166206
166224
166239
166254
166271
166273
166274
166275
166277
166278
166279
166280
166282
166283
166289
166290
166295
166297
166298
166300
166301
166302
166306
166309
166317
166322
166337
166341
166346
166349
166352
166355
166359
166360
166362
166363
166364
166365
166366
166367
166368
166370
166374
166378
166379
166380
166382
166384
166398
166400
166402
166403
166424
166426
166427
166428
166430
166463
166471
166478
166479
166481
166482
166483
166484
166485
166486
166488
166490
166502
166504
166506
166507
166509
166512
166513
166514
166515
166516
166519
166520
166526
166528
166529
166530
166533
166536
166537
166538
166539
166541
166543
166545
166547
166550
166551
166554
166555
166556
166558
166559
166560
166561
166562
166564
166565
166568
166569
166570
166571
166573
166574
166575
166576
166582
166585
166590
166591
166592
166596
166597
166598
166599
166600
166601
166602
166603
166604
166605
166616
166620
166623
166628
166629
166630
166632
166635
166637
166638
166641
166643
166647
166648
166649
166650
166651
166652
166655
166658
166659
166660
166661
166662
166663
166664
166665
166666
166667
166668
166672
166674
166676
166679
166680
166682
166683
166689
166690
166691
166692
166693
166695
166698
166702
166704
166705
166709
166712
166719
166728
166729
166736
166739
166740
166741
166742
166744
166745
166749
166752
166757
166759
166760
166762
166764
166765
166772
166773
166778
166779
166780
166788
166789
166790
166791
166792
166793
166795
166796
166797
166798
166799
166800
166801
166813
166814
166815
166822
166824
166826
166827
166830
166833
166835
166836
166837
166838
166839
166840
166841
166842
166843
166846
166847
166849
166851
166852
166853
166860
166862
166865
166868
166869
166870
166871
166872
166874
166875
166876
166880
166882
166884
166885
166887
166888
166892
166894
166895
166897
166898
166905
166909
166911
166912
166915
166917
166918
166922
166924
166926
166927
166928
166929
166932
166942
166943
166944
166945
166946
166947
166955
166956
166957
166958
166962
166964
166965
166966
166967
166968
166969
166970
166971
166972
166978
166991
166994
166995
166997
166998
167001
167002
167011
167013
167016
167017
167018
167019
167020
167021
167022
167023
167024
167025
167028
167032
167033
167034
167035
167044
167045
167046
167047
167048
167049
167051
167052
167053
167056
167062
167063
167064
167065
167066
167068
167070
167071
167072
167073
167074
167083
167084
167085
167086
167088
167093
167094
167102
167103
167104
167105
167106
167107
167108
167109
167110
167111
167112
167113
167114
167117
167118
167119
167120
167121
167122
167123
167124
167125
167126
167127
167128
167129
167130
167131
167132
167133
167134
167135
167136
167139
167148
167155
167156
167158
167160
167161
167165
167166
167170
167171
167174
167177
167184
167186
167187
167190
167191
167192
167193
167194
167196
167199
167200
167201
167202
167204
167205
167206
167211
167212
167216
167217
167227
167228
167238
167239
167249
167252
167253
167254
167256
167258
167260
167261
167263
167264
167266
167267
167268
167269
167272
167273
167274
167275
167277
167278
167279
167280
167284
167291
167294
167302
167307
167308
167309
167310
167313
167318
167319
167320
167323
167324
167325
167337
167339
167343
167345
167346
167347
167349
167350
167351
167352
167353
167356
167358
167359
167360
167361
167362
167363
167364
167365
167366
167367
167368
167369
167371
167372
167373
167374
167375
167376
167377
167379
167386
167388
167390
167391
167392
167403
167406
167407
167408
167409
167410
167411
167412
167413
167415
167416
167417
167421
167422
167423
167424
167425
167428
167430
167431
167433
167434
167435
167436
167437
167441
167442
167443
167444
167445
167447
167450
167451
167454
167455
167456
167457
167458
167459
167460
167462
167463
167469
167476
167480
167481
167483
167484
167485
167487
167488
167490
167491
167492
167494
167496
167498
167499
167500
167502
167503
167504
167505
167506
167509
167510
167512
167515
167516
167517
167520
167521
167522
167523
167525
167526
167529
167530
167531
167532
167533
167534
167536
167543
167545
167547
167552
167554
167561
167565
167566
167567
167568
167569
167571
167572
167573
167576
167577
167578
167579
167580
167581
167586
167588
167591
167592
167593
167599
167602
167603
167604
167605
167606
167607
167609
167611
167613
167614
167615
167616
167617
167618
167619
167620
167621
167622
167623
167624
167625
167626
167627
167628
167629
167630
167631
167632
167633
167634
167637
167638
167639
167640
167641
167642
167643
167645
167649
167653
167658
167662
167663
167664
167665
167666
167667
167668
167670
167671
167674
167676
167677
167678
167684
167685
167687
167688
167689
167690
167691
167692
167693
167694
167695
167696
167697
167698
167701
167702
167703
167708
167709
167710
167711
167712
167713
167714
167715
167716
167717
167718
167719
167721
167723
167724
167726
167727
167730
167731
167733
167734
167735
167736
167737
167738
167739
167744
167745
167746
167748
167755
167756
167757
167758
167759
167760
167768
167770
167772
167773
167775
167777
167780
167785
167789
167790
167791
167792
167793
167794
167795
167796
167797
167798
167799
167800
167801
167802
167803
167819
167822
167823
167826
167827
167828
167833
167834
167835
167836
167838
167839
167840
167841
167844
167845
167848
167854
167855
167856
167857
167859
167860
167861
167862
167863
167864
167865
167872
167873
167874
167877
167886
167888
167889
167891
167892
167894
167895
167909
167910
167912
167913
167914
167918
167919
167920
167921
167923
167924
167925
167926
167929
167930
167931
167932
167933
167934
167935
167936
167937
167938
167939
167940
167941
167945
167948
167949
167950
167952
167961
167968
167970
167974
167975
167976
167977
167978
167979
167980
167983
167994
167995
167997
167998
167999
168000
168002
168003
168004
168005
168006
168007
168008
168009
168010
168011
168012
168014
168016
168017
168018
168019
168020
168021
168022
168023
168024
168025
168026
168027
168028
168029
168030
168033
168034
168035
168036
168037
168038
168043
168044
168051
168052
168053
168054
168056
168057
168058
168060
168064
168065
168067
168068
168069
168071
168072
168076
168078
168079
168080
168086
168088
168089
168091
168094
168099
168103
168106
168107
168108
168109
168110
168121
168123
168128
168129
168130
168136
168137
168140
168141
168147
168152
168153
168154
168155
168156
168157
168158
168159
168160
168162
168166
168167
168168
168171
168172
168173
168175
168176
168180
168181
168185
168187
168188
168189
168197
168200
168201
168207
168209
168211
168212
168219
168223
168224
168225
168226
168227
168228
168229
168241
168242
168250
168255
168256
168257
168258
168264
168267
168268
168270
168271
168272
168273
168276
168280
168281
168287
168300
168302
168303
168304
168305
168306
168307
168308
168309
168310
168311
168312
168313
168314
168315
168316
168319
168320
168321
168322
168323
168324
168325
168326
168327
168328
168329
168330
168331
168332
168333
168334
168335
168336
168337
168344
168346
168347
168348
168351
168352
168354
168355
168356
168357
168359
168362
168363
168365
168366
168367
168370
168371
168372
168373
168375
168376
168377
168378
168379
168380
168381
168382
168383
168384
168385
168386
168387
168388
168391
168392
168393
168394
168395
168397
168398
168400
168402
168403
168404
168408
168412
168413
168420
168421
168424
168425
168426
168430
168432
168435
168449
168464
168465
168466
168467
168468
168469
168470
168471
168473
168474
168475
168476
168477
168480
168484
168485
168486
168493
168497
168499
168501
168502
168504
168505
168506
168507
168510
168516
168517
168520
168526
168530
168531
168532
168533
168534
168535
168536
168542
168547
168568
168604
168605
168606
168607
168608
168610
168611
168612
168613
168614
168615
168616
168617
168618
168619
168620
168621
168622
168625
168629
168636
168643
168647
168648
168649
168652
168653
168654
168655
168656
168657
168658
168660
168661
168662
168664
168665
168666
168667
168670
168671
168672
168673
168674
168675
168676
168677
168679
168680
168682
168683
168684
168686
168687
168688
168689
168690
168691
168695
168696
168697
168698
168699
168700
168701
168702
168703
168704
168705
168706
168707
168709
168710
168711
168712
168713
168714
168715
168721
168722
168723
168724
168726
168727
168728
168729
168730
168731
168732
168733
168734
168742
168743
168744
168745
168746
168747
168751
168758
168760
168761
168762
168763
168765
168770
168771
168772
168773
168774
168775
168776
168780
168783
168784
168788
168789
168791
168795
168796
168807
168811
168812
168820
168823
168824
168825
168826
168827
168828
168829
168830
168831
168832
168835
168836
168837
168838
168840
168841
168842
168843
168851
168852
168853
168856
168859
168863
168864
168865
168866
168874
168875
168876
168877
168878
168879
168880
168882
168883
168884
168885
168887
168888
168893
168897
168899
168901
168906
168908
168909
168910
168911
168912
168914
168919
168920
168922
168924
168927
168928
168931
168932
168933
168937
168939
168941
168942
168943
168948
168949
168950
168951
168952
168953
168954
168955
168956
168957
168958
168959
168960
168961
168966
168969
168974
168975
168976
168977
168978
168980
168981
168983
168984
168985
168986
168987
168988
168989
168990
168991
168994
168995
168996
169002
169004
169006
169007
169009
169010
169011
169016
169038
169039
169069
169084
169088
169091
169099
169100
169104
169105
169108
169109
169113
169114
169115
169116
169117
169118
169119
169120
169121
169122
169123
169124
169125
169126
169127
169133
169134
169135
169136
169137
169140
169142
169143
169144
169145
169146
169147
169148
169149
169150
169151
169152
169153
169154
169157
169158
169159
169160
169161
169205
169206
169207
169208
169209
169229
169231
169232
169233
169234
169235
169250
169254
169257
169259
169260
169261
169262
169266
169267
169268
169269
169270
169271
169272
169276
169277
169278
169279
169280
169281
169282
169283
169284
169286
169287
169288
169289
169292
169293
169294
169297
169298
169300
169301
169302
169303
169304
169305
169306
169307
169308
169309
169310
169311
169312
169313
169314
169316
169317
169318
169343
169348
169353
169354
169355
169356
169380
169381
169385
169386
169387
169388
169391
169392
169393
169394
169396
169397
169398
169405
169406
169411
169413
169414
169415
169419
169421
169424
169425
169426
169428
169432
169433
169436
169437
169438
169439
169445
169449
169453
169454
169455
169457
169470
169471
169474
169475
169480
169481
169482
169495
169509
169527
169528
169529
169530
169531
169537
169539
169540
169541
169544
169546
169548
169549
169551
169552
169553
169554
169556
169558
169574
169585
169587
169590
169591
169592
169593
169595
169597
169598
169599
169600
169601
169602
169603
169604
169605
169606
169607
169608
169610
169612
169613
169632
169633
169634
169635
169637
169671
169673
169674
169675
169676
169677
169678
169679
169680
169681
169687
169688
169689
169690
169691
169694
169695
169696
169697
169706
169707
169708
169712
169714
169717
169719
169720
169721
169722
169723
169724
169725
169726
169727
169731
169732
169733
169734
169736
169744
169795
169798
169799
169800
169801
169802
169803
169805
169807
169809
169810
169814
169831
169839
169840
169841
169842
169843
169845
169846
169847
169848
169849
169850
169851
169852
169853
169854
169855
169856
169858
169859
169860
169862
169863
169864
169865
169866
169867
169868
169869
169870
169871
169872
169874
169875
169876
169877
169880
169881
169882
169883
169888
169893
169894
169895
169898
169902
169904
169905
169907
169913
169916
169922
169926
169928
169936
169937
169940
169942
169943
169944
169945
169946
169947
169948
169968
169970
169972
169973
169974
169976
169977
169978
169979
169980
169981
169991
169992
170005
170006
170007
170008
170009
170011
170014
170015
170020
170021
170022
170023
170024
170025
170026
170027
170030
170043
170044
170045
170046
170048
170050
170051
170052
170053
170054
170055
170057
170061
170062
170065
170067
170069
170070
170071
170072
170073
170075
170076
170077
170078
170079
170080
170081
170082
170084
170085
170086
170088
170089
170090
170091
170093
170094
170095
170096
170097
170098
170099
170100
170101
170102
170103
170105
170106
170107
170111
170131
170133
170135
170137
170139
170140
170141
170142
170143
170144
170145
170146
170151
170152
170153
170154
170155
