313485
313486
313488
313489
313492
313493
313494
313495
313496
313498
313499
313500
313501
313508
313509
313510
313511
313512
313523
313535
313536
313539
313542
313543
313544
313545
313546
313547
313555
313556
313558
313559
313560
313561
313562
313563
313564
313565
313566
313567
313568
313569
313571
313572
313574
313575
313576
313577
313578
313579
313580
313581
313582
313583
313584
313585
313586
313587
313588
313589
313590
313591
313592
313593
313594
313595
313598
313600
313601
313602
313605
313623
313624
313626
313627
313628
313629
313630
313631
313632
313633
313634
313635
313636
313637
313638
313639
313640
313641
313642
313646
313647
313648
313649
313650
313651
313652
313653
313672
313675
313680
313681
313682
313689
313690
313691
313702
313703
313704
313705
313706
313707
313708
313709
313710
313711
313712
313713
313714
313715
313716
313717
313720
313721
313722
313723
313725
313726
313727
313728
313729
313730
313731
313732
313733
313734
313735
313736
313737
313738
313739
313745
313746
313748
313749
313750
313753
313763
313764
313765
313768
313778
313779
313785
313794
313801
313809
313810
313817
313818
313819
313820
313821
313822
313823
313830
313831
313840
313841
313842
313843
313844
313845
313846
313847
313848
313856
313861
313862
313863
313864
313865
313866
313867
313868
313869
313870
313874
313879
313880
313881
313883
313885
313886
313887
313888
313889
313890
313891
313892
313893
313894
313895
313896
313897
313898
313899
313900
313901
313902
313903
313904
313905
313906
313907
313908
313909
313910
313911
313912
313913
313914
313915
313916
313917
313918
313919
313920
313921
313922
313923
313924
313925
313927
313931
313939
313985
313994
313998
313999
314030
314044
314063
314064
314065
314069
314070
314071
314072
314073
314075
314095
314096
314099
314100
314101
314103
314104
314105
314106
314107
314109
314110
314111
314112
314127
314128
314129
314130
314132
314133
314134
314135
314136
314137
314138
314139
314143
314145
314169
314170
314171
314173
314174
314175
314176
314177
314178
314179
314180
314181
314202
314203
314205
314206
314207
314208
314209
314210
314211
314222
314223
314228
314232
314233
314234
314235
314236
314238
314239
314240
314241
314242
314243
314250
314251
314252
314253
314254
314258
314260
314281
314289
314290
314291
314292
314293
314294
314295
314296
314297
314298
314299
314304
314305
314306
314307
314308
314309
314313
314315
314316
314317
314318
314321
314322
314323
314329
314330
314331
314335
314336
314337
314338
314339
314340
314359
314369
314377
314378
314379
314380
314381
314382
314428
314429
314430
314431
314432
314433
314434
314437
314448
314449
314450
314451
314452
314453
314454
314455
314457
314461
314462
314463
314464
314465
314466
314467
314468
314469
314470
314474
314475
314476
314477
314478
314479
314480
314482
314483
314484
314485
314486
314487
314494
314495
314497
314500
314501
314503
314504
314505
314506
314507
314508
314509
314514
314515
314516
314517
314518
314519
314520
314521
314522
314523
314536
314537
314547
314549
314551
314552
314561
314562
314574
314575
314576
314577
314578
314579
314580
314581
314590
314591
314592
314593
314594
314596
314597
314598
314600
314616
314617
314618
314632
314642
314653
314654
314667
314668
314669
314670
314671
314681
314682
314683
314684
314685
314687
314688
314689
314690
314691
314692
314693
314694
314695
314696
314697
314698
314699
314714
314716
314717
314718
314719
314720
314722
314723
314724
314725
314726
314727
314728
314729
314730
314731
314732
314733
314736
314737
314738
314743
314744
314745
314746
314747
314748
314749
314750
314751
314752
314753
314754
314755
314756
314757
314758
314759
314760
314761
314762
314763
314764
314765
314766
314767
314768
314769
314770
314771
314772
314773
314774
314786
314787
314788
314789
314790
314791
314792
314793
314794
314795
314796
314798
314799
314800
314807
314808
314809
314810
314811
314815
314816
314817
314818
314819
314839
314844
314848
314849
314852
314853
314854
314856
314857
314858
314859
314860
314861
314862
314863
314864
314865
314866
314867
314868
314869
314870
314871
314872
314873
314874
314875
314876
314877
314878
314879
314880
314881
314882
314883
314884
314885
314886
314887
314889
314890
314891
314892
314893
314894
314895
314899
314900
314901
314902
314908
314909
314910
314911
314912
314914
314915
314916
314917
314918
314919
314920
314921
314922
314923
314925
314926
314927
314928
314933
314934
314939
314940
314941
314942
314949
314950
314952
314961
314962
314966
314967
314968
314969
314970
314980
314981
314982
314983
314986
314989
314990
314991
314992
314993
314994
314995
314996
314997
314998
314999
315000
315002
315003
315004
315005
315007
315010
315011
315012
315013
315014
315015
315016
315017
315018
315019
315020
315021
315022
315023
315024
315025
315026
315027
315029
315030
315031
315033
315034
315035
315036
315037
315038
315039
315040
315041
315042
315043
315044
315046
315047
315048
315049
315050
315051
315052
315053
315054
315058
315059
315060
315061
315062
315063
315064
315065
315066
315067
315068
315069
315070
315071
315073
315074
315075
315076
315077
315078
315079
315080
315081
315120
315136
315137
315138
315144
315145
315146
315147
315148
315149
315150
315151
315152
315154
315156
315157
315160
315162
315163
315164
315165
315167
315168
315169
315170
315171
315172
315173
315174
315175
315186
315188
315189
315191
315192
315197
315198
315199
315200
315201
315202
315203
315204
315205
315206
315210
315211
315212
315213
315216
315217
315218
315219
315220
315234
315243
315253
315273
315274
315283
315284
315285
315286
315288
315290
315296
315297
315298
315299
315313
315316
315317
315318
315319
315339
315347
315348
315350
315351
315352
315353
315354
315355
315356
315370
315371
315372
315375
315379
315387
315388
315389
315390
315391
315392
315393
315394
315395
315396
315399
315400
315401
315402
315403
315404
315405
315406
315407
315408
315409
315410
315411
315412
315413
315414
315415
315416
315417
315418
315419
315420
315421
315422
315423
315424
315426
315427
315428
315429
315434
315435
315436
315437
315438
315439
315440
315456
315457
315462
315463
315471
315472
315475
315476
315478
315479
315480
315481
315482
315496
315498
315508
315511
315512
315513
315514
315515
315516
315517
315518
315519
315520
315521
315522
315523
315524
315525
315526
315527
315528
315529
315535
315536
315541
315551
315562
315571
315599
315600
315601
315602
315605
315606
315609
315610
315612
315613
315614
315615
315616
315618
315619
315622
315627
315633
315635
315646
315647
315648
315652
315654
315673
315674
315675
315676
315677
315678
315679
315680
315681
315682
315683
315684
315685
315686
315687
315688
315689
315690
315691
315692
315693
315694
315695
315696
315697
315698
315699
315700
315701
315702
315703
315704
315705
315706
315707
315708
315718
315719
315720
315721
315722
315723
315724
315725
315732
315736
315737
315738
315739
315740
315762
315763
315764
315770
315771
315772
315773
315774
315775
315776
315777
315778
315779
315785
315787
315788
315789
315790
315791
315792
315806
315807
315808
315809
315810
315811
315812
315813
315814
315815
315816
315817
315818
315819
315820
315821
315822
315823
315824
315825
315826
315827
315828
315829
315830
315831
315832
315833
315834
315835
315836
315840
315841
315842
315843
315844
315845
315846
315847
315848
315849
315856
315857
315858
315859
315860
315880
315881
315882
315883
315884
315885
315887
315888
315892
315893
315894
315895
315896
315897
315898
315909
315910
315911
315912
315913
315914
315915
315916
315917
315918
315920
315921
315923
315924
315925
315926
315931
315934
315935
315936
315939
315944
315945
315946
315947
315952
315954
315957
315958
315959
315960
315961
315962
315963
315964
315965
315966
315967
315968
315969
315970
315971
315972
315973
315974
315975
315976
315977
315978
315979
315980
315981
315985
315986
315987
315988
315989
315990
315992
315993
315994
315995
315996
315997
315998
315999
316000
316001
316002
316003
316004
316005
316006
316007
316008
316009
316010
316011
316012
316013
316014
316015
316016
316017
316021
316022
316023
316024
316025
316026
316027
316028
316029
316030
316031
316032
316033
316037
316038
316040
316041
316042
316043
316044
316045
316046
316048
316049
316052
316053
316054
316055
316056
316057
316058
316059
316060
316063
316064
316065
316066
316067
316068
316069
316070
316073
316075
316076
316077
316078
316079
316080
316083
316084
316085
316086
316087
316088
316089
316090
316091
316093
316094
316110
316111
316112
316113
316114
316115
316116
316117
316118
316119
316122
316123
316126
316127
316128
316129
316130
316131
316132
316133
316134
316135
316136
316137
316138
316139
316140
316141
316142
316143
316144
316145
316146
316147
316148
316149
316150
316151
316152
316160
316162
316164
316165
316167
316180
316189
316193
316207
316208
316209
316210
316211
316212
316213
316214
316215
316216
316217
316218
316219
316220
316221
316222
316223
316224
316225
316226
316227
316228
316229
316230
316231
316232
316233
316234
316235
316236
316237
316238
316239
316240
316241
316242
316243
316244
316245
316246
316247
316254
316255
316256
316257
316259
316262
316264
316270
316271
316273
316275
316281
316282
316283
316284
316285
316288
316289
316290
316291
316295
316317
316318
316319
316323
316353
316354
316356
316357
316358
316359
316360
316363
316364
316365
316366
316367
316368
316369
316371
316374
316377
316380
316381
316382
316390
316391
316392
316393
316394
316415
316416
316417
316418
316419
316420
316421
316422
316423
316424
316425
316426
316430
316431
316432
316433
316434
316435
316436
316437
316438
316439
316440
316441
316447
316460
316461
316463
316464
316465
316466
316467
316468
316469
316470
316471
316475
316476
316477
316478
316479
316480
316481
316486
316487
316488
316489
316490
316496
316509
316510
316534
316544
316552
316554
316555
316556
316557
316559
316560
316561
316562
316563
316567
316568
316569
316570
316573
316574
316575
316590
316591
316592
316593
316594
316595
316596
316610
316611
